0.614851 0.277769 -0.0512605
0.60294 0.253398 -0.0528116
0.597615 0.251565 -0.0526603
0.592908 0.249624 -0.0527738
0.611065 0.258097 -0.0980571
0.611013 0.258698 -0.0979814
0.610944 0.2595 -0.0979814
0.565903 0.255433 -0.0425595
0.591762 0.269961 -0.235458
0.596816 0.296123 -0.0374524
0.603171 0.300145 -0.094047
0.476097 0.36412 0.0255168
0.571957 0.407667 -0.364385
0.456005 0.536917 0.0985867
0.561134 0.610726 -0.412203
0.502086 0.641879 0.115005
0.593436 0.787095 -0.34895
0.510488 0.671602 0.120453
0.594999 0.846639 -0.399189
0.52012 0.669424 0.0879941
0.614263 0.842283 -0.390412
0.519343 0.660775 0.100554
0.609517 0.81962 -0.343805
0.487343 0.745633 0.113189
0.532447 0.773675 -0.112054
0.499812 0.961202 0.306126
0.557474 0.991984 0.0889777
0.507513 1.16142 0.551722
0.545284 1.18265 0.359845
0.501738 1.19303 0.571697
0.528755 1.21179 0.383149
0.540084 1.20053 0.518431
0.58306 1.225 0.31808
0.593227 0.334682 -0.10175
0.585363 0.316636 -0.103729
0.581927 0.315758 -0.103652
0.579223 0.314849 -0.103794
0.590685 0.319369 -0.117436
0.590524 0.319879 -0.117327
0.590234 0.320473 -0.117327
0.562968 0.325121 -0.0891335
0.576659 0.332934 -0.190015
0.580375 0.353345 -0.0904788
0.583744 0.355484 -0.107716
0.51868 0.420735 -0.0736806
0.559752 0.448728 -0.162429
0.506153 0.571556 -0.0974297
0.552422 0.613391 -0.164283
0.51163 0.654412 -0.160916
0.573351 0.757294 -0.210592
0.513374 0.679283 -0.190741
0.574662 0.821975 -0.236186
0.518314 0.673469 -0.194995
0.58963 0.820836 -0.25269
0.518948 0.665963 -0.163002
0.585732 0.794629 -0.21856
0.520134 0.730607 0.0505443
0.531673 0.750917 -0.0493959
0.524476 0.931391 0.0821414
0.544943 0.950429 0.0851055
0.516949 1.1177 0.225086
0.535922 1.12755 0.284898
0.513582 1.14442 0.236303
0.526318 1.15411 0.296718
0.530432 1.16779 0.135915
0.561112 1.17347 0.195154
0.539896 0.422125 0.0600084
0.545056 0.410073 0.0598112
0.547823 0.409827 0.0597366
0.55063 0.408952 0.0594713
0.53997 0.412366 0.0922303
0.538763 0.413042 0.0923817
0.536973 0.413695 0.0923817
0.558275 0.419465 0.0646259
0.541925 0.424327 0.22112
0.545857 0.438301 0.0610431
0.538406 0.4401 0.104957
0.576783 0.495191 -0.0209843
0.534658 0.513563 0.316833
0.568989 0.626643 -0.131888
0.525564 0.633829 0.294864
0.535514 0.694772 -0.246656
0.507487 0.696217 0.107292
0.52747 0.718904 -0.284236
0.506462 0.735948 0.0864094
0.528782 0.702509 -0.285452
0.497644 0.742144 0.0544343
0.531956 0.69281 -0.246831
0.500998 0.712817 0.0878722
0.567119 0.703543 -0.0822191
0.530173 0.708475 0.0832407
0.557549 0.928265 -0.187873
0.525828 0.90789 0.0720916
0.538885 1.13356 -0.162873
0.530972 1.11133 0.0998941
0.542444 1.15898 -0.16381
0.535755 1.14145 0.0953763
0.51374 1.21332 -0.272888
0.515324 1.18221 -0.002768
0.546294 0.430058 -0.0193559
0.5519 0.41972 0.00210675
0.555371 0.419211 0.00196545
0.558852 0.4186 0.00176042
0.542558 0.42189 0.0127124
0.539463 0.422814 0.0126218
0.536035 0.423716 0.0122591
0.566705 0.430703 0.0992826
0.535786 0.436385 0.151257
0.555393 0.446118 0.0132239
0.542707 0.448374 0.0279978
0.588903 0.509791 0.145054
0.519593 0.514352 0.201656
0.59706 0.597617 0.141357
0.485857 0.596063 0.139348
0.56018 0.553673 0.0858874
0.518003 0.557445 -0.00722282
0.5516 0.542294 0.0521952
0.526533 0.549136 -0.05359
0.55002 0.529487 0.0588515
0.527798 0.538087 -0.0442565
0.553371 0.532585 0.0846907
0.528293 0.540306 0.000373271
0.574415 0.681468 -0.0331567
0.522396 0.67492 0.033562
0.563916 0.873198 -0.124878
0.499403 0.858006 -0.0614327
0.548476 1.05912 -0.0505228
0.486841 1.05328 0.00100517
0.548525 1.0753 -0.0731812
0.489766 1.07519 -0.00078922
0.533358 1.13734 -0.173336
0.469968 1.1265 -0.137028
0.551081 0.430755 -0.206456
0.555401 0.417974 -0.189267
0.558865 0.417104 -0.189269
0.562873 0.415918 -0.18941
0.544547 0.420951 -0.17869
0.540577 0.421826 -0.178695
0.536584 0.422698 -0.178844
0.570636 0.42303 -0.0726577
0.534391 0.431343 -0.0240119
0.561081 0.443929 -0.163514
0.547068 0.447417 -0.1494
0.609285 0.494836 0.0371332
0.512143 0.498978 0.074659
0.613558 0.568983 -0.00549754
0.456686 0.556301 0.0457675
0.690599 0.589838 -0.152164
0.452303 0.549142 -0.186862
0.704178 0.594839 -0.191063
0.450399 0.549838 -0.243634
0.695264 0.587882 -0.214278
0.460059 0.539787 -0.257691
0.688321 0.5893 -0.164587
0.464394 0.541257 -0.199359
0.588285 0.701768 -0.0347084
0.524762 0.698067 0.0352194
0.585879 0.891975 -0.0969179
0.505987 0.877959 -0.0595978
0.575345 1.06784 0.0559271
0.500237 1.05886 0.054947
0.572384 1.08806 0.0623353
0.504558 1.07904 0.0546988
0.569918 1.13313 -0.0950097
0.49062 1.12625 -0.0973335
0.550558 0.427605 -0.22485
0.555314 0.41707 -0.209688
0.558247 0.417175 -0.209554
0.56152 0.416904 -0.209691
0.546402 0.418086 -0.21015
0.543044 0.418152 -0.21015
0.539624 0.418496 -0.210422
0.565432 0.42594 -0.103516
0.536362 0.427211 -0.109182
0.556764 0.441435 -0.184874
0.545155 0.441737 -0.186067
0.583596 0.486718 -0.0190227
0.506843 0.484643 -0.0516938
0.612209 0.488263 0.0289333
0.441605 0.488522 -0.053573
0.623987 0.461402 -0.0479891
0.398361 0.493897 -0.189718
0.623136 0.458899 -0.0837987
0.38276 0.495373 -0.229222
0.618361 0.448003 -0.101853
0.39068 0.491828 -0.258833
0.618457 0.451925 -0.0596707
0.397501 0.494507 -0.206641
0.565618 0.678494 0.0206355
0.516875 0.678143 -0.0204219
0.57769 0.812361 -0.0334151
0.506813 0.785894 -0.171867
0.574375 0.961643 0.0751787
0.512877 0.965173 -0.105561
0.57066 0.977733 0.078351
0.514894 0.986446 -0.105753
0.586755 1.02859 -0.0562326
0.519489 1.03416 -0.254224
0.550497 0.423002 -0.26803
0.555435 0.412711 -0.242621
0.558525 0.413402 -0.242481
0.562011 0.414035 -0.242486
0.546187 0.412338 -0.246387
0.542777 0.412041 -0.246261
0.539471 0.412126 -0.246403
0.566088 0.425452 -0.103048
0.534016 0.421845 -0.119716
0.556996 0.438424 -0.217116
0.543898 0.437437 -0.22246
0.589218 0.480945 -0.0177018
0.50364 0.480911 -0.0819093
0.640366 0.412958 0.0125055
0.444887 0.444416 -0.125918
0.6594 0.372546 -0.105592
0.403204 0.399628 -0.240936
0.657396 0.366195 -0.13892
0.386445 0.388553 -0.289993
0.641115 0.35704 -0.159865
0.398148 0.37788 -0.299731
0.623516 0.360063 -0.121589
0.403642 0.383384 -0.253006
0.573449 0.685855 0.0247098
0.518309 0.683445 -0.0242428
0.579566 0.804937 -0.110456
0.512026 0.812907 -0.166285
0.578593 0.93394 0.0696927
0.516789 0.946641 -0.02437
0.572683 0.953059 0.0776331
0.517967 0.963746 -0.0181663
0.59709 0.985139 -0.0679948
0.520909 0.998105 -0.172937
0.548654 0.418873 -0.265023
0.554135 0.408424 -0.231846
0.55764 0.408781 -0.231725
0.561642 0.409132 -0.231674
0.543857 0.408431 -0.234718
0.540094 0.408418 -0.234536
0.536105 0.408748 -0.23459
0.566182 0.419351 -0.0948349
0.531286 0.418532 -0.10633
0.556196 0.433713 -0.21315
0.541656 0.43338 -0.217848
0.587256 0.476255 -0.0210846
0.50441 0.477597 -0.0750816
0.635381 0.402289 -0.0480386
0.456577 0.432462 -0.0918892
0.672038 0.346911 -0.158547
0.415337 0.371445 -0.157225
0.677649 0.337175 -0.193812
0.400938 0.356746 -0.195635
0.666196 0.326681 -0.210476
0.40918 0.344423 -0.201321
0.642256 0.330372 -0.174523
0.413321 0.351443 -0.167245
0.569397 0.683268 0.0233094
0.515466 0.680559 -0.0228067
0.583189 0.796032 -0.0663261
0.515726 0.804106 -0.130576
0.589815 0.916791 0.100258
0.521807 0.927411 -0.019658
0.584703 0.932463 0.111819
0.52334 0.943569 -0.015493
0.605903 0.966502 -0.0160744
0.525095 0.97522 -0.155337
0.548263 0.417184 -0.2557
0.554165 0.407433 -0.226553
0.557602 0.408041 -0.226432
0.561152 0.40865 -0.226415
0.544276 0.406862 -0.231194
0.540594 0.406402 -0.231051
0.536863 0.406291 -0.231242
0.565102 0.41826 -0.0856695
0.532292 0.414847 -0.108466
0.554744 0.431496 -0.204356
0.541041 0.430284 -0.212139
0.585619 0.471795 -0.00304322
0.504082 0.472856 -0.091744
0.633685 0.400517 0.0205201
0.464413 0.430974 -0.213706
0.677222 0.345913 -0.0333769
0.424141 0.366695 -0.372898
0.688519 0.337265 -0.0602916
0.409293 0.351321 -0.430242
0.681223 0.327211 -0.0782712
0.417212 0.340633 -0.433508
0.671697 0.330378 -0.0483591
0.423014 0.347139 -0.384121
0.572278 0.679582 0.0376731
0.519206 0.677203 -0.037206
0.581648 0.792098 -0.0213582
0.519226 0.803452 -0.123221
0.583046 0.916616 0.139886
0.521396 0.92833 -0.00533846
0.576085 0.93456 0.149836
0.522686 0.944157 -0.0031628
0.608064 0.965851 0.0148972
0.526179 0.978138 -0.154273
0.548463 0.418084 -0.265208
0.553976 0.408116 -0.240748
0.557354 0.408501 -0.240745
0.561066 0.408867 -0.240741
0.543719 0.407937 -0.244302
0.539803 0.407649 -0.244291
0.53603 0.407704 -0.244538
0.565235 0.418721 -0.108359
0.53119 0.416791 -0.127076
0.555636 0.432569 -0.217303
0.541418 0.431915 -0.222869
0.58818 0.473439 -0.024334
0.505139 0.475415 -0.101949
0.636537 0.401706 -0.00878888
0.463354 0.434478 -0.184844
0.682913 0.352783 -0.109441
0.420037 0.376891 -0.323554
0.695265 0.345251 -0.145484
0.404179 0.36475 -0.372214
0.692255 0.337614 -0.16061
0.411573 0.355275 -0.381775
0.683992 0.340323 -0.125019
0.417861 0.359786 -0.336601
0.576415 0.67727 0.0331448
0.524407 0.677423 -0.0326878
0.583979 0.796241 0.0188453
0.529179 0.806283 -0.0569714
0.583917 0.919746 0.159175
0.531663 0.931016 0.0680004
0.577538 0.937008 0.166394
0.533751 0.946986 0.071884
0.606587 0.969661 0.0362826
0.533675 0.980493 -0.0737197
0.548204 0.424169 -0.260594
0.553597 0.413264 -0.238258
0.5575 0.413245 -0.23817
0.561225 0.413238 -0.238169
0.543193 0.413492 -0.242098
0.539245 0.413539 -0.242092
0.535362 0.413909 -0.242332
0.56655 0.42248 -0.108354
0.531357 0.422669 -0.128724
0.556401 0.437964 -0.214042
0.541708 0.438247 -0.220393
0.591077 0.479577 -0.00394748
0.507525 0.481315 -0.0989395
0.650606 0.451859 0.065123
0.448409 0.472615 -0.133524
0.700203 0.429854 -0.00444408
0.396129 0.443975 -0.248853
0.716049 0.427575 -0.0226324
0.378067 0.437254 -0.288103
0.710609 0.420968 -0.0531998
0.383739 0.429876 -0.308193
0.704878 0.423676 -0.0227353
0.390798 0.435159 -0.26497
0.578925 0.67999 0.0439234
0.528107 0.679774 -0.0434996
0.586328 0.804429 0.0683892
0.528838 0.80694 -0.0852952
0.586837 0.921552 0.213071
0.530944 0.935278 0.0234848
0.580355 0.941571 0.220442
0.531939 0.953992 0.0261653
0.612246 0.968326 0.105442
0.533634 0.986223 -0.113548
0.55111 0.429386 -0.259869
0.555922 0.417198 -0.243251
0.559557 0.41711 -0.243046
0.563169 0.416781 -0.243046
0.54615 0.417742 -0.24669
0.542502 0.417839 -0.246689
0.53887 0.417993 -0.246916
0.56826 0.423513 -0.12495
0.535285 0.42446 -0.148706
0.558649 0.441726 -0.214656
0.545561 0.442352 -0.220969
0.592377 0.479392 -0.00401792
0.51139 0.481157 -0.107065
0.650462 0.480434 0.121489
0.448667 0.496415 -0.132752
0.6991 0.500095 0.103987
0.393799 0.52857 -0.246837
0.715598 0.507807 0.104146
0.374981 0.537937 -0.273681
0.711235 0.504339 0.064867
0.380097 0.537778 -0.305798
0.705415 0.505155 0.0867576
0.388307 0.539816 -0.263935
0.582662 0.674534 0.0513763
0.535002 0.674897 -0.0510326
0.588099 0.802761 0.0976498
0.537976 0.806243 -0.119361
0.58595 0.922417 0.23851
0.533654 0.939103 -0.0864554
0.578661 0.944855 0.245926
0.532233 0.960829 -0.0916741
0.619257 0.963855 0.138372
0.541428 0.986444 -0.231873
0.552248 0.42752 -0.289969
0.557152 0.417232 -0.273707
0.561043 0.417034 -0.273697
0.564925 0.41655 -0.273697
0.54721 0.418559 -0.274055
0.543542 0.419278 -0.273847
0.539874 0.420002 -0.274065
0.571224 0.425556 -0.154783
0.537083 0.429446 -0.161666
0.560844 0.440598 -0.244843
0.547026 0.442125 -0.246797
0.597613 0.496414 -0.0414416
0.513537 0.492022 -0.0958898
0.629873 0.564188 0.0174581
0.476902 0.553699 -0.0536163
0.657863 0.625773 -0.108244
0.449161 0.600915 -0.10762
0.669031 0.646583 -0.137196
0.438037 0.614294 -0.126879
0.663074 0.644028 -0.175891
0.442388 0.613828 -0.166386
0.657327 0.637749 -0.125758
0.449523 0.610634 -0.124182
0.578337 0.651446 0.0506129
0.529496 0.649911 -0.0505244
0.58521 0.794462 0.0353007
0.537681 0.786694 -0.116853
0.584405 0.92819 0.145434
0.532781 0.939292 -0.084735
0.575626 0.951239 0.147588
0.532388 0.964096 -0.0920131
0.615991 0.964933 0.0251185
0.535184 0.980567 -0.23516
0.548587 0.426097 -0.219071
0.55363 0.417116 -0.209049
0.556997 0.416852 -0.208884
0.560771 0.416577 -0.208884
0.543777 0.418741 -0.214765
0.540416 0.419295 -0.214695
0.537053 0.420116 -0.214976
0.567035 0.426883 -0.0980271
0.535122 0.430411 -0.0872006
0.556944 0.43979 -0.185498
0.543726 0.441412 -0.194488
0.591235 0.500652 -0.00733512
0.515982 0.506464 -0.0459125
0.603803 0.581203 0.0427744
0.51034 0.59128 -0.0471456
0.61287 0.662007 -0.0502792
0.500935 0.665495 -0.132105
0.619767 0.688798 -0.0681183
0.495581 0.688284 -0.157445
0.613947 0.690944 -0.104382
0.498332 0.688838 -0.188266
0.60932 0.682008 -0.0662023
0.503197 0.681626 -0.147025
0.574105 0.651064 0.0372404
0.527119 0.652744 -0.0368965
0.589116 0.789538 -0.00281455
0.53193 0.797878 -0.10736
0.592915 0.925282 0.0806684
0.532529 0.937876 -0.0278172
0.58653 0.94598 0.08118
0.534725 0.957544 -0.0310616
0.617296 0.968829 -0.0382657
0.531885 0.985254 -0.177934
0.548251 0.426246 -0.160628
0.554625 0.417217 -0.14287
0.558267 0.41729 -0.142762
0.561926 0.417363 -0.142762
0.544667 0.418088 -0.141608
0.541412 0.418297 -0.141612
0.537957 0.418771 -0.141819
0.569048 0.42758 -0.0350473
0.536964 0.428276 -0.0315199
0.55637 0.440503 -0.122332
0.543555 0.441047 -0.121583
0.591963 0.500529 0.0361773
0.517081 0.497168 -0.0112798
0.602623 0.580434 0.0327934
0.507193 0.571469 -0.157747
0.605111 0.658293 -0.0887754
0.503242 0.561136 -0.390469
0.61087 0.686538 -0.115675
0.500195 0.56326 -0.443284
0.603657 0.687466 -0.146121
0.501727 0.560664 -0.449827
0.600079 0.677138 -0.103859
0.50696 0.559915 -0.399431
0.573474 0.653423 0.0368566
0.525212 0.653295 -0.0368495
0.5865 0.791333 0.00761602
0.53331 0.793918 -0.100485
0.589884 0.918428 0.122861
0.531167 0.930935 -0.0137548
0.582742 0.936207 0.126573
0.532158 0.949413 -0.0155322
0.612045 0.962828 -0.026325
0.533981 0.97706 -0.151933
0.551054 0.427744 -0.292759
0.556183 0.418118 -0.277894
0.559551 0.418279 -0.277898
0.563116 0.417996 -0.277898
0.54684 0.418952 -0.278101
0.543488 0.419283 -0.278101
0.540299 0.419658 -0.278102
0.568509 0.427336 -0.165416
0.537815 0.428543 -0.166882
0.558426 0.440905 -0.24945
0.546137 0.44156 -0.250031
0.593483 0.496571 -0.0597402
0.515261 0.499607 -0.0979661
0.612828 0.573469 -0.0322109
0.499041 0.582313 -0.0975903
0.627119 0.653372 -0.169646
0.473623 0.647613 -0.213789
0.635771 0.678985 -0.19552
0.464651 0.665891 -0.240573
0.629647 0.680706 -0.235732
0.462056 0.669186 -0.278337
0.624539 0.673379 -0.188341
0.469985 0.664778 -0.232247
0.578668 0.652508 0.0364195
0.532758 0.655806 -0.0363175
0.590772 0.792906 0.0236993
0.542055 0.799997 -0.0939224
0.591197 0.920059 0.143583
0.546055 0.934955 -0.0167317
0.582848 0.938984 0.1473
0.547158 0.952911 -0.0189188
0.620853 0.962238 0.0248246
0.54816 0.981295 -0.157005
0.553171 0.426356 -0.265444
0.558167 0.41733 -0.246748
0.561256 0.417332 -0.246744
0.564724 0.417307 -0.246572
0.547999 0.418128 -0.247219
0.544539 0.418397 -0.247219
0.541086 0.41891 -0.247401
0.570126 0.426777 -0.124218
0.537483 0.428377 -0.130474
0.560506 0.43991 -0.220076
0.547633 0.440461 -0.221633
0.595982 0.496222 -0.0242669
0.514879 0.497543 -0.0683619
0.633818 0.557261 -0.0212221
0.481261 0.562735 -0.0738878
0.662974 0.616211 -0.195898
0.439327 0.621669 -0.20318
0.675404 0.634266 -0.226959
0.424059 0.637329 -0.229146
0.669542 0.635074 -0.265589
0.42456 0.640463 -0.270664
0.663469 0.631193 -0.215865
0.433773 0.638089 -0.224116
0.579344 0.660876 0.0348877
0.532061 0.662104 -0.0345643
0.587365 0.794547 0.0436773
0.534796 0.797881 -0.0886528
0.587918 0.916307 0.196267
0.538103 0.930812 -0.00996906
0.579482 0.93531 0.203605
0.53965 0.947264 -0.0113257
0.616489 0.957307 0.0868158
0.538607 0.978491 -0.1538
0.551441 0.427848 -0.246745
0.556162 0.419285 -0.228479
0.559175 0.419057 -0.228297
0.562564 0.419058 -0.22829
0.547265 0.419798 -0.227591
0.544235 0.420047 -0.22741
0.541025 0.420546 -0.227599
0.568193 0.427198 -0.116532
0.539064 0.428675 -0.111828
0.558769 0.440472 -0.205432
0.547054 0.441197 -0.203695
0.596997 0.489396 -0.0481023
0.514462 0.493627 -0.0530891
0.652083 0.52645 -0.134387
0.464251 0.534112 -0.0533658
0.695815 0.561521 -0.369752
0.409983 0.572335 -0.170529
0.713898 0.576578 -0.405678
0.391412 0.585125 -0.190541
0.706507 0.572649 -0.442506
0.392364 0.583469 -0.229087
0.699796 0.570626 -0.390524
0.400112 0.583199 -0.19066
0.574532 0.663409 0.016265
0.526054 0.663414 -0.0160616
0.587046 0.798842 0.00508012
0.527496 0.796493 -0.0522929
0.588429 0.922719 0.136743
0.530965 0.927014 0.0369422
0.579771 0.940807 0.142327
0.533186 0.944053 0.03651
0.616274 0.963415 0.0244349
0.534396 0.970783 -0.105177
0.550572 0.427012 -0.211093
0.554881 0.417673 -0.192683
0.557847 0.41753 -0.192672
0.560844 0.417199 -0.192677
0.545974 0.418942 -0.192433
0.542997 0.419518 -0.192421
0.539836 0.420119 -0.192428
0.566572 0.425527 -0.0896597
0.537625 0.429043 -0.0860676
0.558046 0.439851 -0.174652
0.546357 0.44127 -0.173498
0.597903 0.489206 -0.060072
0.511893 0.493031 -0.0353378
0.657352 0.476011 -0.224625
0.452056 0.498501 -0.0398269
0.70054 0.479074 -0.486146
0.392801 0.493373 -0.135328
0.717858 0.485289 -0.536294
0.375158 0.494118 -0.157717
0.710217 0.481472 -0.559686
0.377114 0.487326 -0.185845
0.704501 0.482215 -0.504651
0.382859 0.489983 -0.15211
0.578453 0.672025 0.005768
0.528317 0.669393 -0.00555731
0.588059 0.801386 -0.0185927
0.534305 0.799751 -0.0351833
0.588156 0.919717 0.0984415
0.543358 0.925312 0.0707827
0.580639 0.937683 0.102612
0.547081 0.940848 0.0722189
0.610252 0.95912 -0.0274548
0.545955 0.968834 -0.0658359
0.550327 0.427505 -0.139796
0.554832 0.418031 -0.12075
0.557875 0.417823 -0.120755
0.561034 0.417465 -0.120845
0.545366 0.419186 -0.120499
0.542084 0.419609 -0.120504
0.538844 0.420142 -0.120677
0.56637 0.424954 -0.018068
0.535847 0.428215 -0.0188686
0.557635 0.439483 -0.103222
0.545396 0.440834 -0.103317
0.594513 0.479492 0.0103519
0.512965 0.483461 0.0157373
0.651515 0.438024 -0.0589573
0.457405 0.451036 -0.032509
0.69554 0.391702 -0.207863
0.403277 0.410529 -0.143721
0.710756 0.384897 -0.251105
0.393271 0.404698 -0.195321
0.704999 0.376018 -0.264676
0.399676 0.394436 -0.200414
0.699877 0.378616 -0.223009
0.402476 0.397006 -0.167961
0.578486 0.664911 0.00393606
0.529434 0.663887 -0.00362479
0.584851 0.79967 -0.0129527
0.535461 0.79704 -0.0310915
0.589407 0.922343 0.0953432
0.543009 0.923144 0.067767
0.580761 0.940495 0.0988012
0.547296 0.938334 0.0688893
0.611565 0.961254 -0.0393858
0.545049 0.965774 -0.0730724
0.549246 0.427569 -0.175238
0.554295 0.417505 -0.156994
0.557704 0.417338 -0.156996
0.56116 0.417101 -0.157023
0.544143 0.418342 -0.156696
0.5407 0.418583 -0.156697
0.537375 0.418895 -0.156771
0.566531 0.423971 -0.0552872
0.534131 0.42651 -0.0490374
0.55648 0.438862 -0.139467
0.543687 0.439824 -0.138402
0.592062 0.476735 -0.00641416
0.51348 0.479828 -0.00496928
0.645919 0.419136 -0.145719
0.467371 0.435247 -0.0553185
0.68556 0.362249 -0.298038
0.425616 0.38428 -0.170726
0.697706 0.349806 -0.348303
0.413541 0.374155 -0.214175
0.691975 0.342511 -0.356592
0.419963 0.361973 -0.227187
0.688389 0.347238 -0.312282
0.423406 0.365609 -0.187514
0.580951 0.662153 -0.000963055
0.533311 0.661963 0.00126076
0.584238 0.794926 0.00428135
0.538041 0.795159 -0.0173674
0.592245 0.915765 0.113027
0.541365 0.920784 0.0677864
0.586259 0.933835 0.116595
0.545095 0.93572 0.0694033
0.611488 0.954697 -0.0354849
0.544035 0.962452 -0.0812738
0.549013 0.425825 -0.217212
0.555109 0.415645 -0.198902
0.559012 0.415596 -0.198902
0.562645 0.415533 -0.198901
0.54471 0.416249 -0.19587
0.541094 0.416456 -0.19587
0.537645 0.416873 -0.196047
0.568884 0.422402 -0.0894666
0.534493 0.424509 -0.0777412
0.55619 0.437476 -0.17802
0.542841 0.437652 -0.173877
0.589745 0.474416 -0.0826361
0.514539 0.476924 -0.0482752
0.644127 0.418166 -0.247159
0.47335 0.43294 -0.0942544
0.682819 0.360481 -0.441545
0.434346 0.379957 -0.200016
0.695533 0.347264 -0.491839
0.420854 0.368959 -0.242721
0.687584 0.340375 -0.499476
0.427814 0.35653 -0.250617
0.683923 0.345564 -0.45619
0.431556 0.361186 -0.212819
0.580407 0.656702 0.000364912
0.533355 0.658122 -0.000238911
0.58557 0.789734 0.0404342
0.539121 0.792233 -0.019431
0.593494 0.912841 0.16633
0.541573 0.919101 0.0614487
0.586931 0.932167 0.171172
0.544959 0.935164 0.0600236
0.615605 0.951015 0.0321345
0.543936 0.958223 -0.0959847
0.54937 0.424967 -0.21994
0.55575 0.414659 -0.200268
0.559661 0.41468 -0.200109
0.563359 0.414692 -0.200109
0.545209 0.414946 -0.197603
0.541525 0.41486 -0.197603
0.537929 0.415184 -0.197787
0.569595 0.421766 -0.0866501
0.534669 0.422397 -0.0753552
0.556664 0.436766 -0.179094
0.542851 0.436796 -0.175306
0.590052 0.473612 -0.0778401
0.514562 0.474755 -0.0330933
0.643864 0.418477 -0.192112
0.472517 0.432081 -0.00537375
0.683355 0.362376 -0.374694
0.431697 0.379306 -0.0657973
0.697313 0.35035 -0.42432
0.418427 0.368574 -0.0955146
0.689007 0.343727 -0.43341
0.424349 0.356263 -0.107119
0.684765 0.34819 -0.39016
0.427377 0.360668 -0.0785789
0.581064 0.654176 -0.00027374
0.533572 0.655564 0.000442463
0.58639 0.787852 0.0254585
0.539378 0.791393 -0.0202042
0.593742 0.912923 0.149136
0.541193 0.919352 0.0638441
0.587294 0.932191 0.153728
0.544756 0.935413 0.0630254
0.615614 0.951618 0.00914384
0.540863 0.959226 -0.0930691
0.550431 0.427919 -0.189098
0.556259 0.417075 -0.169798
0.559755 0.417137 -0.169781
0.563513 0.417035 -0.169781
0.545843 0.417177 -0.168933
0.542379 0.416949 -0.168933
0.538788 0.417021 -0.169121
0.568815 0.423616 -0.0546626
0.535114 0.423486 -0.0554387
0.557613 0.43943 -0.147984
0.54382 0.439386 -0.147727
0.591159 0.474853 -0.0132431
0.513762 0.474534 -0.0267706
0.648928 0.421876 -0.0881306
0.466519 0.436352 -0.10346
0.688591 0.37812 -0.242264
0.421418 0.391251 -0.271518
0.703006 0.370676 -0.281003
0.405781 0.385024 -0.318974
0.694386 0.362081 -0.295311
0.411702 0.377884 -0.328304
0.689982 0.365058 -0.257551
0.417225 0.381698 -0.285966
0.58136 0.659051 0.00802691
0.533524 0.660754 -0.0076495
0.586721 0.792756 0.0268195
0.537795 0.797504 -0.0405096
0.595299 0.917687 0.151724
0.540025 0.924751 0.0635669
0.58994 0.936728 0.156349
0.543374 0.93993 0.0622766
0.613141 0.956104 0.0128102
0.542012 0.96639 -0.0930962
0.5523 0.428061 -0.204888
0.557172 0.417094 -0.185197
0.560398 0.417026 -0.185073
0.563934 0.416717 -0.185073
0.547145 0.417365 -0.183118
0.543591 0.417049 -0.183135
0.540076 0.417068 -0.183339
0.568353 0.423394 -0.0683789
0.535949 0.423782 -0.0697912
0.559503 0.439613 -0.16357
0.545909 0.439412 -0.160434
0.593137 0.476031 -0.036514
0.512709 0.479228 -0.0276541
0.653512 0.449205 -0.147491
0.460976 0.46515 -0.0685521
0.700248 0.425404 -0.377221
0.40952 0.444298 -0.190374
0.71745 0.423285 -0.414257
0.393356 0.441988 -0.224073
0.711499 0.41679 -0.441688
0.394541 0.434709 -0.238751
0.705551 0.418521 -0.39612
0.399946 0.437513 -0.204936
0.581008 0.661203 0.00925203
0.532483 0.66158 -0.00883833
0.586055 0.793176 0.0329499
0.534778 0.798077 -0.0494206
0.594795 0.915756 0.176732
0.536805 0.926413 0.0499282
0.589056 0.93329 0.18339
0.539709 0.941737 0.0494859
0.616085 0.956044 0.0490237
0.539451 0.97207 -0.101849
0.553044 0.428535 -0.17169
0.557815 0.417844 -0.15466
0.56089 0.417475 -0.154409
0.564325 0.417004 -0.154409
0.548085 0.418906 -0.154721
0.544783 0.419193 -0.154726
0.541497 0.419615 -0.15492
0.569998 0.42353 -0.0476743
0.538872 0.426688 -0.0485951
0.561232 0.43999 -0.131924
0.548525 0.441214 -0.131055
0.598554 0.48061 0.004675
0.516286 0.487368 -0.00300983
0.652755 0.491815 -0.112018
0.462664 0.514865 0.000226404
0.697254 0.524815 -0.372406
0.408837 0.551093 -0.107163
0.714555 0.539617 -0.417842
0.391893 0.563876 -0.125837
0.707958 0.537042 -0.449487
0.392928 0.562004 -0.162076
0.702027 0.535205 -0.393131
0.399363 0.562056 -0.125546
0.582418 0.667435 0.0136569
0.53517 0.666479 -0.0133486
0.590831 0.79901 0.0104404
0.534115 0.798048 -0.0761029
0.592334 0.920457 0.136677
0.535938 0.930478 -0.00771005
0.586164 0.937847 0.141093
0.538377 0.94687 -0.0101649
0.617591 0.961936 0.0333568
0.538292 0.976433 -0.150047
0.555318 0.427953 -0.20352
0.560474 0.419157 -0.181902
0.563805 0.419302 -0.181878
0.567165 0.419222 -0.181878
0.550784 0.41957 -0.183398
0.547436 0.419629 -0.183433
0.544089 0.419709 -0.183444
0.571766 0.427616 -0.0531346
0.540488 0.42776 -0.0606239
0.561855 0.440831 -0.157495
0.549698 0.441069 -0.159505
0.598588 0.491333 0.00569219
0.516482 0.499471 -0.0109336
0.645038 0.539719 0.00189803
0.4805 0.562731 -0.0188238
0.675533 0.598049 -0.17494
0.435037 0.614937 -0.121676
0.688523 0.616455 -0.210827
0.420027 0.627585 -0.14101
0.681817 0.615992 -0.248096
0.419545 0.627348 -0.17887
0.676183 0.61206 -0.195447
0.42753 0.625822 -0.140953
0.58552 0.668166 0.0170795
0.537538 0.670605 -0.0166759
0.591069 0.80019 0.0181537
0.537186 0.805447 -0.0635097
0.591591 0.923697 0.144042
0.539974 0.936236 0.00567805
0.583984 0.941591 0.147202
0.543992 0.952149 0.00152527
0.615342 0.966196 0.0415135
0.535266 0.983831 -0.143961
0.554654 0.425228 -0.258313
0.559643 0.416721 -0.239243
0.563296 0.416504 -0.239245
0.566598 0.416283 -0.239245
0.549759 0.417737 -0.239292
0.546465 0.418297 -0.239294
0.54317 0.41886 -0.239472
0.572599 0.426013 -0.120985
0.540563 0.42884 -0.123202
0.562562 0.438852 -0.214912
0.549761 0.439949 -0.215707
0.59863 0.501135 -0.03236
0.521203 0.503951 -0.0619149
0.617954 0.580968 -0.0185647
0.502834 0.582627 -0.0482657
0.633504 0.656692 -0.175585
0.475719 0.649291 -0.1468
0.642868 0.682251 -0.203207
0.466019 0.667118 -0.163532
0.636969 0.682924 -0.242077
0.462821 0.670575 -0.205297
0.631347 0.674847 -0.194365
0.469757 0.666242 -0.166527
0.585125 0.663593 0.0272337
0.538807 0.663987 -0.0267306
0.593717 0.796612 0.0341987
0.539356 0.804184 -0.0658111
0.592694 0.916669 0.189853
0.538698 0.929686 0.0308372
0.584609 0.935025 0.197097
0.53948 0.94486 0.0318972
0.620463 0.956929 0.0762898
0.5406 0.977562 -0.114833
0.551935 0.42814 -0.139559
0.558484 0.419736 -0.120741
0.561766 0.419877 -0.120632
0.565389 0.42001 -0.120632
0.548678 0.419791 -0.116262
0.545411 0.419897 -0.116262
0.542147 0.420233 -0.116701
0.572052 0.430464 -0.0194311
0.541139 0.429726 -0.00488174
0.559241 0.442916 -0.103813
0.547057 0.442797 -0.0986818
0.595317 0.504068 0.00675101
0.520495 0.495567 0.00609345
0.599281 0.587425 -0.0251949
0.511068 0.554267 -0.169257
0.601164 0.663907 -0.150855
0.501623 0.526925 -0.406232
0.606885 0.692043 -0.177611
0.496766 0.549182 -0.453751
0.600073 0.692701 -0.209882
0.498213 0.521986 -0.449252
0.596521 0.681243 -0.166687
0.503779 0.557695 -0.411399
0.578365 0.659456 0.0231007
0.530122 0.65714 -0.0225177
0.587178 0.796353 0.0328691
0.537319 0.797779 -0.0581605
0.59021 0.917291 0.156524
0.538871 0.925947 0.0308253
0.582088 0.933525 0.162189
0.543179 0.943212 0.031487
0.61203 0.959314 0.0532242
0.532461 0.967425 -0.10738
0.551345 0.427165 -0.189862
0.557074 0.418924 -0.173684
0.56014 0.418789 -0.173672
0.563733 0.418666 -0.173672
0.547534 0.419798 -0.170069
0.544466 0.420172 -0.170069
0.541394 0.420786 -0.170202
0.570071 0.428241 -0.0748596
0.540191 0.430104 -0.06121
0.559026 0.44064 -0.154355
0.546979 0.441443 -0.150557
0.596445 0.503449 -0.0127812
0.522057 0.505947 -0.0115304
0.60947 0.586385 0.000101001
0.522189 0.589787 -0.0477574
0.612083 0.668473 -0.0953365
0.513735 0.650136 -0.195319
0.617769 0.695493 -0.116952
0.509309 0.671029 -0.205307
0.610899 0.697636 -0.147825
0.50887 0.6679 -0.238826
0.607127 0.687414 -0.109139
0.512982 0.661915 -0.215258
0.580094 0.661294 0.0189112
0.533499 0.661147 -0.018486
0.587213 0.794506 0.0192674
0.539472 0.798404 -0.0536084
0.589403 0.917471 0.137571
0.541172 0.927182 0.0378591
0.582956 0.934962 0.141891
0.543371 0.944009 0.0377284
0.608378 0.95684 0.0150004
0.541805 0.968383 -0.103844
0.554686 0.426484 -0.231857
0.559806 0.419 -0.213409
0.56282 0.419177 -0.213411
0.566032 0.419143 -0.213411
0.550059 0.419358 -0.212812
0.54687 0.41963 -0.212639
0.543678 0.42003 -0.212809
0.570909 0.42917 -0.107435
0.540277 0.429379 -0.102006
0.561091 0.44034 -0.193565
0.549033 0.440519 -0.192107
0.598062 0.501991 -0.0401027
0.516133 0.505691 -0.0401314
0.624338 0.575151 -0.0150998
0.496083 0.58479 -0.0323933
0.640393 0.650153 -0.126338
0.468438 0.650981 -0.120471
0.649134 0.674132 -0.1419
0.457849 0.668576 -0.131698
0.642303 0.674945 -0.199975
0.456357 0.672017 -0.174231
0.636989 0.668062 -0.156128
0.464611 0.669253 -0.140096
0.580968 0.662519 0.0146667
0.531977 0.663406 -0.0142722
0.585345 0.79505 0.00858412
0.537138 0.796613 -0.0368313
0.58967 0.916269 0.120628
0.539219 0.919331 0.0597095
0.58335 0.93404 0.124076
0.541619 0.934577 0.0611067
0.612243 0.957046 0.000147128
0.538928 0.963176 -0.0694569
0.556926 0.42837 -0.238666
0.561548 0.4192 -0.219025
0.564692 0.418914 -0.21896
0.568182 0.41851 -0.21896
0.551753 0.420324 -0.2159
0.548434 0.420743 -0.215777
0.545113 0.42139 -0.216011
0.573703 0.426717 -0.107445
0.542243 0.430134 -0.10653
0.564496 0.441109 -0.197357
0.552086 0.442527 -0.192917
0.603927 0.495286 -0.0355239
0.52021 0.501889 -0.0470311
0.64424 0.552406 -0.0781474
0.485809 0.565856 -0.0392389
0.670861 0.606278 -0.30302
0.441777 0.619034 -0.134131
0.683092 0.624442 -0.345338
0.426386 0.633581 -0.150147
0.675773 0.6214 -0.380769
0.42704 0.633698 -0.190621
0.669899 0.617342 -0.324311
0.435279 0.631485 -0.153538
0.58675 0.665711 0.00964448
0.537788 0.666552 -0.00929016
0.585743 0.796741 0.00983118
0.540553 0.794935 -0.0219735
0.587169 0.915682 0.14536
0.54441 0.919375 0.0936867
0.581451 0.932423 0.150008
0.547774 0.934337 0.095964
0.607254 0.956914 0.0169228
0.542428 0.965439 -0.0384771
0.55684 0.427638 -0.18832
0.561866 0.418958 -0.167485
0.564986 0.418841 -0.167313
0.568452 0.418503 -0.167313
0.552157 0.419862 -0.167251
0.548863 0.420202 -0.16725
0.545735 0.420774 -0.167341
0.573979 0.427047 -0.0549689
0.542941 0.429431 -0.0592384
0.564601 0.440587 -0.148861
0.551961 0.441716 -0.149411
0.604002 0.490628 -0.0145288
0.517654 0.495487 -0.0160615
0.665647 0.497373 -0.125402
0.465077 0.521067 -0.0499831
0.715036 0.517384 -0.365287
0.408205 0.534027 -0.204911
0.733983 0.527218 -0.40872
0.390905 0.539841 -0.238842
0.726658 0.523932 -0.435468
0.391456 0.533905 -0.265608
0.719799 0.523416 -0.384053
0.399078 0.535266 -0.222862
0.58664 0.676416 0.0144845
0.536621 0.67409 -0.0141055
0.592993 0.805533 0.0313219
0.537805 0.802163 -0.0524697
0.592836 0.917191 0.19901
0.540711 0.923825 0.0652144
0.584921 0.932905 0.208556
0.543146 0.938627 0.0679938
0.614531 0.957501 0.0847221
0.543029 0.968697 -0.0527043
0.552589 0.426883 -0.188336
0.558071 0.418136 -0.169477
0.561177 0.418016 -0.169385
0.564629 0.417767 -0.169466
0.548568 0.418971 -0.167113
0.545451 0.419321 -0.167113
0.542344 0.4198 -0.167199
0.571132 0.426068 -0.0660201
0.540558 0.428128 -0.056261
0.560692 0.439659 -0.152513
0.548093 0.440523 -0.149248
0.601879 0.488471 -0.0365287
0.515423 0.494311 -0.00219288
0.659513 0.476038 -0.209149
0.460152 0.502648 -0.0214359
0.704912 0.471159 -0.471716
0.402178 0.496681 -0.172076
0.722716 0.474655 -0.523988
0.385899 0.498149 -0.214679
0.715795 0.470773 -0.543911
0.386079 0.489212 -0.214745
0.709528 0.471702 -0.488823
0.391703 0.491278 -0.182677
0.586446 0.676761 0.00580713
0.536064 0.67498 -0.0054425
0.592499 0.805667 0.0174817
0.53774 0.80468 -0.0364937
0.595176 0.920974 0.163296
0.541139 0.930549 0.083252
0.588534 0.93665 0.172099
0.544701 0.945715 0.0848731
0.614411 0.960145 0.0578508
0.542958 0.975239 -0.0507748
0.55196 0.42732 -0.129658
0.5573 0.418109 -0.110058
0.560396 0.417861 -0.110065
0.563837 0.417538 -0.110072
0.547802 0.419254 -0.107786
0.544641 0.41964 -0.107786
0.541568 0.42009 -0.108046
0.570059 0.425437 -0.0087792
0.539463 0.428162 -0.00155694
0.559953 0.439301 -0.0940288
0.547398 0.440554 -0.0915982
0.600437 0.482243 0.00690897
0.518226 0.489942 0.0202062
0.654606 0.435387 -0.10868
0.466605 0.459536 -0.0538063
0.693461 0.385712 -0.272374
0.41539 0.411902 -0.204919
0.708224 0.376805 -0.32079
0.399928 0.403248 -0.253391
0.701889 0.37016 -0.330253
0.404358 0.392993 -0.253218
0.697064 0.374086 -0.286858
0.408851 0.397149 -0.217183
0.588416 0.669721 0.00492607
0.539524 0.671773 -0.00455463
0.592269 0.804429 0.00973079
0.539389 0.801214 -0.0338941
0.595611 0.916448 0.141514
0.540349 0.925598 0.0720429
0.589459 0.933553 0.147283
0.544142 0.941193 0.0745415
0.61302 0.95497 0.0161003
0.541538 0.968295 -0.0649534
0.55292 0.42717 -0.185761
0.558276 0.41728 -0.170567
0.56172 0.416932 -0.170372
0.565526 0.4166 -0.170324
0.548185 0.41864 -0.160652
0.544866 0.418985 -0.160652
0.541576 0.419427 -0.160929
0.572063 0.42385 -0.0781141
0.540003 0.427033 -0.0345857
0.561353 0.438669 -0.152507
0.548343 0.440044 -0.139841
0.597231 0.481463 -0.0787074
0.523031 0.484997 0.00450607
0.646494 0.420277 -0.144333
0.475275 0.435296 0.0043681
0.68184 0.357178 -0.358956
0.434757 0.378946 -0.0427536
0.694766 0.344779 -0.409288
0.421625 0.36853 -0.069359
0.688576 0.337066 -0.415106
0.428518 0.354476 -0.0829444
0.684172 0.341763 -0.371241
0.431708 0.358271 -0.0556386
0.587206 0.665322 -0.0100295
0.541553 0.670698 0.0104431
0.589886 0.799695 0.0114866
0.545062 0.796929 -0.00171414
0.597143 0.911265 0.130042
0.544145 0.922839 0.0709921
0.592144 0.929305 0.13211
0.546473 0.938685 0.0701023
0.613604 0.949093 -0.0133311
0.547454 0.963489 -0.0776631
0.554246 0.425816 -0.221804
0.560423 0.415463 -0.203651
0.564066 0.415478 -0.203642
0.568072 0.41537 -0.203639
0.55002 0.416058 -0.197694
0.546404 0.41615 -0.197694
0.542952 0.416405 -0.197881
0.573888 0.422506 -0.098347
0.540252 0.423649 -0.0719935
0.561728 0.437679 -0.184239
0.548259 0.437908 -0.175822
0.593842 0.475254 -0.106758
0.521905 0.479392 -0.0341805
0.640901 0.408879 -0.271081
0.48129 0.424997 -0.0343643
0.679176 0.346338 -0.473191
0.444223 0.367626 -0.127843
0.693414 0.332635 -0.53504
0.433511 0.356072 -0.166252
0.686586 0.325831 -0.538675
0.439394 0.342487 -0.179465
0.683015 0.331352 -0.487073
0.441738 0.346716 -0.141904
0.587739 0.655938 -0.0117854
0.54158 0.659184 0.0120922
0.588563 0.786799 0.0112078
0.544334 0.791484 0.00109744
0.5971 0.908948 0.126481
0.543019 0.920148 0.0785768
0.592056 0.92719 0.128607
0.544705 0.935403 0.0771429
0.61287 0.947202 -0.023614
0.548173 0.96128 -0.0776295
0.555003 0.426287 -0.214182
0.561811 0.415879 -0.202298
0.565546 0.416148 -0.202041
0.569652 0.416353 -0.202039
0.551187 0.416049 -0.190359
0.547577 0.416104 -0.190379
0.544036 0.416153 -0.190539
0.575495 0.424269 -0.0763061
0.540894 0.423319 -0.0699885
0.562298 0.438927 -0.177673
0.548408 0.438195 -0.170051
0.594583 0.477793 -0.0690566
0.521692 0.47848 -0.0479513
0.640573 0.411373 -0.258756
0.48117 0.420344 -0.144003
0.678088 0.34758 -0.402002
0.444792 0.365372 -0.28771
0.691873 0.332834 -0.456631
0.433434 0.354138 -0.341084
0.685046 0.327163 -0.462802
0.439927 0.343051 -0.348034
0.681174 0.333228 -0.415698
0.443137 0.347524 -0.302128
0.588383 0.655923 -0.00152372
0.541298 0.658992 0.00177106
0.588678 0.787117 0.0113002
0.544298 0.792051 -0.02598
0.597864 0.912533 0.121218
0.542951 0.920279 0.0782773
0.592856 0.930373 0.123674
0.544848 0.935197 0.075093
0.613072 0.952633 -0.0281648
0.548092 0.962368 -0.0819478
0.556776 0.427329 -0.219817
0.563316 0.416465 -0.204362
0.567088 0.416601 -0.203888
0.571236 0.416687 -0.203887
0.552572 0.416501 -0.198665
0.548956 0.416379 -0.198381
0.545251 0.416395 -0.198555
0.577395 0.424468 -0.0862519
0.542101 0.423479 -0.0794891
0.564303 0.439841 -0.17847
0.550081 0.439414 -0.177931
0.597919 0.478497 -0.0705303
0.521527 0.478145 -0.0461133
0.643869 0.419627 -0.184737
0.475741 0.420589 -0.119246
0.685387 0.366983 -0.364003
0.434839 0.371581 -0.197776
0.700277 0.356324 -0.416379
0.422414 0.36143 -0.239601
0.692313 0.350238 -0.427983
0.428013 0.351055 -0.254266
0.687743 0.354199 -0.380563
0.43145 0.355781 -0.21144
0.589994 0.658815 0.00206749
0.541686 0.661655 -0.00176421
0.591133 0.789831 0.0290207
0.543738 0.794961 -0.0196591
0.598093 0.913721 0.161464
0.542663 0.921416 0.0851774
0.592233 0.932102 0.166466
0.544804 0.936032 0.0857841
0.615835 0.953893 0.0171391
0.547266 0.965033 -0.0725406
0.558956 0.428686 -0.180089
0.564382 0.418214 -0.159738
0.567897 0.418162 -0.159693
0.571489 0.418084 -0.159693
0.553969 0.418651 -0.158733
0.550481 0.418534 -0.15871
0.546982 0.418728 -0.158884
0.576902 0.425946 -0.0488344
0.543508 0.426192 -0.0506924
0.566312 0.441455 -0.141245
0.552685 0.441692 -0.141552
0.601747 0.482978 -0.0249098
0.520707 0.482024 -0.0222258
0.646439 0.435667 -0.144522
0.468854 0.438492 -0.112072
0.698299 0.399568 -0.340113
0.424484 0.402096 -0.254478
0.716941 0.394299 -0.390495
0.409747 0.395469 -0.302331
0.708144 0.387961 -0.402616
0.41575 0.388343 -0.313387
0.701706 0.391416 -0.355846
0.420368 0.392849 -0.269774
0.587087 0.665981 0.00395852
0.536455 0.66725 -0.00358759
0.590056 0.79745 0.0240229
0.538109 0.80232 -0.02788
0.595092 0.922396 0.150765
0.540201 0.929606 0.0816838
0.588835 0.940668 0.155724
0.543905 0.943495 0.0822446
0.614452 0.962735 0.0128193
0.542353 0.975074 -0.0746557
0.559838 0.428335 -0.180415
0.564825 0.417299 -0.161788
0.56831 0.416973 -0.161696
0.571824 0.416465 -0.161783
0.554984 0.418346 -0.161161
0.551606 0.418532 -0.161157
0.548106 0.418862 -0.161262
0.577476 0.424059 -0.0513062
0.545206 0.426507 -0.051515
0.567786 0.440703 -0.141245
0.554293 0.441774 -0.140844
0.604239 0.482615 -0.0176396
0.522251 0.482846 -0.000329986
0.655877 0.462288 -0.163211
0.46817 0.474886 -0.0214769
0.703031 0.45895 -0.454201
0.413167 0.465013 -0.16598
0.7223 0.465181 -0.507445
0.39669 0.467848 -0.189891
0.714221 0.461022 -0.529895
0.398795 0.458912 -0.221058
0.707382 0.461053 -0.472988
0.404009 0.460259 -0.185641
0.587568 0.668001 0.0107119
0.538219 0.667848 -0.0103406
0.590731 0.797952 0.0332235
0.53758 0.800718 -0.0536988
0.593039 0.917392 0.177725
0.538864 0.9306 0.030338
0.58562 0.934501 0.185635
0.542549 0.945232 0.0291939
0.617912 0.959411 0.0617919
0.539505 0.977103 -0.119818
0.563699 0.428246 -0.140332
0.567392 0.417316 -0.121495
0.570844 0.41669 -0.121385
0.574301 0.416108 -0.121397
0.557795 0.419079 -0.122486
0.55437 0.419737 -0.122485
0.550914 0.420452 -0.122664
0.579656 0.423264 -0.0104221
0.54815 0.428201 -0.0150594
0.572077 0.440228 -0.100211
0.559147 0.442357 -0.101229
0.608198 0.483825 0.0293385
0.526237 0.487381 0.0298371
0.659582 0.495882 -0.114827
0.473713 0.507884 0.0256486
0.703312 0.530314 -0.388812
0.417009 0.544102 -0.0967243
0.721532 0.546983 -0.437754
0.399468 0.558434 -0.121864
0.713279 0.545274 -0.464044
0.400529 0.556294 -0.157514
0.706963 0.542832 -0.408296
0.407959 0.555151 -0.115501
0.587102 0.666925 0.0152634
0.539089 0.665147 -0.0149817
0.593554 0.79922 0.0213298
0.535612 0.798788 -0.0698825
0.592463 0.919913 0.155861
0.535799 0.929353 0.00132881
0.583962 0.936949 0.162189
0.539502 0.945149 -0.000871489
0.620628 0.963 0.0374908
0.5367 0.97744 -0.144689
0.56472 0.427038 -0.259647
0.56889 0.417787 -0.240703
0.572281 0.41765 -0.240702
0.575679 0.417291 -0.240698
0.559088 0.41911 -0.243411
0.555508 0.419695 -0.243223
0.552104 0.420294 -0.243415
0.580346 0.426584 -0.123474
0.548138 0.430162 -0.137622
0.572119 0.440296 -0.215878
0.55946 0.441981 -0.220106
0.605261 0.498464 -0.0135936
0.527652 0.501242 -0.0842556
0.63469 0.570962 0.0034862
0.500513 0.573827 -0.0747294
0.662982 0.641571 -0.13749
0.461605 0.644334 -0.18435
0.674553 0.663704 -0.160868
0.447576 0.663514 -0.203998
0.669877 0.664735 -0.202158
0.447855 0.667502 -0.250923
0.663703 0.658936 -0.157006
0.457172 0.663958 -0.205428
0.591034 0.66197 0.0327567
0.545904 0.662371 -0.0322993
0.592778 0.799546 0.0373387
0.539918 0.8028 -0.0805228
0.590227 0.923134 0.163315
0.53865 0.927879 -0.00614815
0.582157 0.942209 0.167588
0.539743 0.942043 -0.00685045
0.619468 0.965226 0.0402057
0.538078 0.97933 -0.14084
0.563541 0.424356 -0.257352
0.569183 0.416388 -0.239447
0.572504 0.416594 -0.239447
0.576182 0.416554 -0.239447
0.559237 0.416984 -0.239879
0.555913 0.417267 -0.239874
0.552594 0.417552 -0.239879
0.581728 0.427494 -0.126956
0.549833 0.428097 -0.132419
0.571144 0.438508 -0.216001
0.558072 0.438905 -0.217912
0.60204 0.503396 -0.0341185
0.530002 0.503242 -0.0855135
0.61364 0.585459 -0.00692928
0.520664 0.586109 -0.0841132
0.618065 0.667117 -0.131495
0.507923 0.662547 -0.18262
0.623736 0.694046 -0.155427
0.501788 0.684177 -0.209007
0.617551 0.696524 -0.190376
0.502336 0.68715 -0.242461
0.613365 0.687266 -0.147902
0.507194 0.680299 -0.199278
0.584289 0.660772 0.0379935
0.542008 0.660339 -0.0375458
0.591631 0.794265 0.0534076
0.546653 0.800856 -0.0828378
0.593429 0.913283 0.193601
0.544565 0.928108 -0.00566129
0.586105 0.932009 0.199638
0.543396 0.94429 -0.00516235
0.619099 0.951533 0.0818751
0.551191 0.975339 -0.138064
0.563642 0.426663 -0.239932
0.568679 0.417905 -0.221851
0.572293 0.417778 -0.221851
0.575919 0.417634 -0.221851
0.558706 0.41884 -0.223024
0.555267 0.419003 -0.222991
0.551648 0.419614 -0.223024
0.581224 0.427501 -0.11711
0.548626 0.429263 -0.118021
0.571248 0.439729 -0.199249
0.558017 0.440801 -0.201792
0.599809 0.501714 -0.019317
0.530498 0.50304 -0.0722311
0.606443 0.587649 0.0127847
0.526361 0.591324 -0.0815791
0.608412 0.670262 -0.100953
0.517614 0.66653 -0.169639
0.613183 0.697892 -0.126004
0.51187 0.688594 -0.195127
0.607376 0.698769 -0.160549
0.51382 0.689212 -0.226526
0.603497 0.689028 -0.117368
0.517925 0.681613 -0.186356
0.582697 0.661044 0.0368371
0.541019 0.660954 -0.0364035
0.590564 0.795476 0.0474028
0.544866 0.801597 -0.0770411
0.592115 0.917611 0.177026
0.546203 0.929134 0.0213434
0.584609 0.936733 0.182671
0.545931 0.946012 0.0224396
0.618004 0.9564 0.0663391
0.552482 0.973336 -0.123874
0.562973 0.431681 -0.240631
0.567947 0.42286 -0.223697
0.571521 0.422756 -0.223697
0.575096 0.42263 -0.223696
0.558107 0.423741 -0.222596
0.554871 0.423896 -0.222592
0.551451 0.424321 -0.222596
0.580306 0.431766 -0.117287
0.54829 0.433208 -0.111355
0.570445 0.444369 -0.200885
0.557555 0.445033 -0.19965
0.605698 0.502344 -0.0370252
0.527557 0.506452 -0.0469929
0.622174 0.581624 -0.0199394
0.514588 0.589159 -0.0321552
0.630992 0.660512 -0.133162
0.493595 0.657911 -0.121326
0.637421 0.68654 -0.154086
0.485891 0.676953 -0.135258
0.630869 0.687257 -0.184488
0.483228 0.679057 -0.1745
0.626344 0.678908 -0.147507
0.489613 0.673803 -0.139629
0.58923 0.662506 0.0191962
0.542657 0.663704 -0.0188288
0.592933 0.795936 0.0105734
0.545766 0.80082 -0.0485776
0.591561 0.917264 0.130714
0.544786 0.926948 0.0510402
0.584442 0.93481 0.134823
0.546088 0.94322 0.052043
0.611395 0.957632 0.0118102
0.545994 0.969865 -0.0805903
0.565431 0.426939 -0.228295
0.569546 0.418845 -0.208014
0.573066 0.418646 -0.208014
0.576248 0.418332 -0.208014
0.56003 0.420147 -0.208414
0.556689 0.420682 -0.208414
0.553341 0.421232 -0.208414
0.581141 0.427508 -0.0926661
0.549792 0.431103 -0.0949596
0.572594 0.439872 -0.186102
0.560254 0.441362 -0.18678
0.606839 0.496015 -0.0170124
0.530239 0.503428 -0.0381721
0.643307 0.556951 -0.00205404
0.499556 0.568299 -0.03459
0.667913 0.622141 -0.154157
0.458586 0.624713 -0.144511
0.67869 0.642261 -0.183197
0.444059 0.639204 -0.165944
0.671675 0.642447 -0.220309
0.443287 0.640171 -0.204687
0.666152 0.637191 -0.173069
0.451016 0.637839 -0.164136
0.593631 0.661644 0.0244092
0.549209 0.663366 -0.023979
0.592829 0.793924 0.0310517
0.546692 0.798248 -0.0572712
0.589186 0.912156 0.174776
0.545754 0.923931 0.0434236
0.581391 0.929447 0.180827
0.547596 0.939442 0.0446771
0.612453 0.952674 0.0494239
0.543887 0.969793 -0.0973503
0.564802 0.429477 -0.242508
0.568869 0.420938 -0.223547
0.572011 0.42064 -0.223392
0.575137 0.420118 -0.223392
0.559823 0.422411 -0.222608
0.55669 0.422946 -0.222608
0.553726 0.423588 -0.222608
0.581115 0.427841 -0.112011
0.551518 0.431749 -0.105812
0.572257 0.44165 -0.202061
0.560595 0.4433 -0.200079
0.610369 0.492774 -0.0329253
0.527807 0.497144 -0.0443341
0.661081 0.533774 -0.152745
0.477522 0.533949 -0.0379222
0.702474 0.565479 -0.414206
0.425375 0.575952 -0.152407
0.718865 0.578844 -0.457383
0.40853 0.589764 -0.17552
0.711477 0.573542 -0.492714
0.410384 0.588596 -0.20688
0.704912 0.571347 -0.435409
0.417686 0.587495 -0.170631
0.585514 0.666539 0.0123593
0.53862 0.664972 -0.0121579
0.588827 0.798746 0.0210356
0.540627 0.792771 -0.0332471
0.591548 0.917929 0.152703
0.54335 0.918887 0.0669815
0.584776 0.935255 0.158439
0.545122 0.934615 0.0678186
0.613982 0.955102 0.0307941
0.549186 0.961969 -0.0678966
0.560985 0.426679 -0.186534
0.565607 0.418016 -0.168265
0.568752 0.417841 -0.168254
0.571902 0.417537 -0.168254
0.556669 0.418942 -0.166531
0.553683 0.419254 -0.166445
0.550701 0.419785 -0.166531
0.577253 0.425703 -0.071831
0.548497 0.428209 -0.0605054
0.568583 0.439085 -0.152602
0.556538 0.440065 -0.149458
0.606263 0.487438 -0.0486853
0.524701 0.491367 -0.00786148
0.66001 0.464526 -0.217545
0.469368 0.489102 -0.0133516
0.701531 0.445697 -0.474111
0.412531 0.472737 -0.12514
0.717312 0.446014 -0.528766
0.397279 0.472474 -0.152181
0.711355 0.441858 -0.546768
0.398512 0.463318 -0.176997
0.705907 0.444081 -0.491262
0.403435 0.465217 -0.142357
0.590217 0.672963 -0.00263332
0.543034 0.669416 0.00290055
0.59059 0.801898 -0.0124783
0.542054 0.797045 -0.00176443
0.592902 0.919522 0.110518
0.543741 0.919416 0.117695
0.587057 0.935123 0.115654
0.547028 0.932357 0.12045
0.607743 0.96021 -0.0163917
0.547541 0.966439 -0.0158219
0.5615 0.430978 -0.156651
0.566342 0.421178 -0.138901
0.569502 0.420895 -0.138903
0.572938 0.420476 -0.138988
0.556689 0.422186 -0.137049
0.553281 0.422423 -0.13696
0.550012 0.422809 -0.137133
0.577964 0.427099 -0.0381051
0.547033 0.429678 -0.0312112
0.568938 0.442631 -0.12066
0.556264 0.443813 -0.118414
0.603685 0.48268 -0.0284915
0.525458 0.484837 0.010823
0.653465 0.443547 -0.19719
0.472263 0.451811 -0.0257895
0.694498 0.393396 -0.381111
0.421742 0.419012 -0.148047
0.70994 0.384779 -0.434426
0.406364 0.415454 -0.196749
0.704005 0.377843 -0.441791
0.40807 0.405767 -0.193801
0.699074 0.381842 -0.395608
0.414245 0.408463 -0.14941
0.591102 0.667016 -0.00384621
0.543942 0.665775 0.00415037
0.59007 0.796918 -0.00635194
0.542613 0.797166 -0.0124293
0.594715 0.916744 0.117597
0.544106 0.923104 0.100552
0.58947 0.93299 0.122572
0.547818 0.937336 0.102213
0.609442 0.957129 -0.0137228
0.545925 0.969236 -0.0299915
0.560339 0.429944 -0.202058
0.565658 0.419081 -0.182773
0.569065 0.41875 -0.182774
0.572781 0.418285 -0.182788
0.55515 0.420243 -0.177483
0.551593 0.420447 -0.17729
0.548085 0.420764 -0.177705
0.578361 0.424892 -0.0767718
0.545074 0.427735 -0.0544915
0.568139 0.441078 -0.164894
0.554456 0.442368 -0.157931
0.60238 0.478453 -0.0725558
0.526053 0.481223 -0.0279122
0.647698 0.423408 -0.16986
0.475584 0.433412 -0.0494086
0.683758 0.360658 -0.318065
0.434274 0.385666 -0.160568
0.696379 0.346065 -0.369721
0.422234 0.376766 -0.203409
0.689562 0.340131 -0.377482
0.428354 0.366131 -0.21563
0.685627 0.345464 -0.33203
0.432085 0.369397 -0.174877
0.592091 0.660682 -0.00668328
0.544587 0.662219 0.00706378
0.591624 0.791544 0.00680659
0.54368 0.797332 -0.0084911
0.595379 0.910376 0.133999
0.544987 0.923425 0.0898764
0.589536 0.926769 0.139331
0.548036 0.937642 0.0907535
0.609924 0.951476 -0.0088114
0.547596 0.968354 -0.0658547
0.561234 0.429119 -0.239167
0.567098 0.41844 -0.220301
0.571011 0.418522 -0.220301
0.574726 0.418054 -0.220299
0.556411 0.418617 -0.215399
0.552747 0.418497 -0.215389
0.549102 0.418595 -0.215588
0.580256 0.423952 -0.113494
0.545687 0.426772 -0.0932922
0.568454 0.44034 -0.201179
0.554513 0.442089 -0.194759
0.599703 0.477295 -0.124184
0.525978 0.479742 -0.0387208
0.644136 0.410945 -0.27566
0.481593 0.427821 -0.0275749
0.678099 0.348432 -0.465376
0.444258 0.373985 -0.0807508
0.690554 0.334768 -0.52416
0.43326 0.362425 -0.113443
0.68339 0.32909 -0.528786
0.438843 0.349887 -0.12675
0.679133 0.334614 -0.479331
0.441536 0.354083 -0.0941151
0.592287 0.658605 -0.0132604
0.545571 0.660037 0.0135448
0.593066 0.788285 0.00467485
0.545261 0.793479 0.00353411
0.599695 0.910899 0.118829
0.54525 0.920393 0.0898686
0.594335 0.9292 0.119374
0.548002 0.935447 0.0897711
0.614169 0.951182 -0.0377881
0.546652 0.963892 -0.0650802
0.560427 0.427842 -0.24884
0.56713 0.41646 -0.227423
0.570929 0.416292 -0.227423
0.574944 0.41574 -0.227423
0.556051 0.417677 -0.222556
0.552327 0.417951 -0.222559
0.548611 0.418554 -0.222743
0.581075 0.422489 -0.114636
0.54572 0.425705 -0.095647
0.567963 0.438178 -0.208979
0.553819 0.439948 -0.202787
0.60051 0.477768 -0.109308
0.525364 0.477797 -0.0553166
0.641895 0.409982 -0.22536
0.483928 0.425443 -0.0337648
0.676414 0.348483 -0.392368
0.447345 0.370078 -0.11527
0.688732 0.334835 -0.446972
0.43612 0.358435 -0.154635
0.681529 0.329178 -0.454942
0.442364 0.34551 -0.167289
0.677465 0.334588 -0.406852
0.445264 0.349893 -0.129334
0.593211 0.656059 -0.00767523
0.545458 0.658198 0.00800513
0.593182 0.784901 0.0254702
0.547692 0.793024 0.00324943
0.600456 0.912339 0.14083
0.546159 0.920573 0.0887986
0.59467 0.931938 0.141656
0.548356 0.935826 0.0882823
0.618499 0.953235 -0.0205358
0.549435 0.964158 -0.0705032
0.560039 0.427387 -0.234964
0.566953 0.416302 -0.215611
0.570757 0.416353 -0.215611
0.574881 0.416044 -0.215611
0.556274 0.416752 -0.211769
0.552614 0.41668 -0.21177
0.548962 0.416885 -0.211958
0.580914 0.423226 -0.10181
0.546007 0.423712 -0.0871571
0.567281 0.43858 -0.194261
0.553191 0.439209 -0.18952
0.599897 0.478137 -0.0823312
0.52535 0.475363 -0.0508393
0.642167 0.414799 -0.201741
0.48094 0.42095 -0.0579897
0.679237 0.356014 -0.376806
0.442846 0.371169 -0.154872
0.69228 0.343084 -0.428756
0.430594 0.359337 -0.196453
0.685523 0.337021 -0.438555
0.436954 0.347275 -0.208012
0.681567 0.341748 -0.392656
0.440284 0.351399 -0.169266
0.592857 0.656407 -0.00197725
0.545508 0.658784 0.0022776
0.592385 0.785054 0.0238616
0.545894 0.793157 -0.0193164
0.600099 0.910379 0.144264
0.545248 0.919618 0.082852
0.594813 0.928804 0.147982
0.548063 0.933926 0.0835264
0.616533 0.951701 -0.000202237
0.547285 0.964404 -0.0739094
0.559464 0.428529 -0.20065
0.564639 0.417548 -0.181533
0.568439 0.417436 -0.181442
0.571977 0.417129 -0.181533
0.554629 0.418042 -0.179158
0.551166 0.417959 -0.179159
0.547702 0.418005 -0.179257
0.578255 0.424232 -0.0734711
0.545024 0.42544 -0.0653296
0.567762 0.440146 -0.162443
0.553979 0.440992 -0.15977
0.603821 0.480014 -0.0302884
0.525063 0.47862 -0.0117687
0.653163 0.430085 -0.113061
0.474119 0.443091 0.010772
0.699416 0.39097 -0.274528
0.428676 0.410535 -0.0445808
0.715612 0.385351 -0.317002
0.413989 0.406061 -0.0735352
0.707942 0.378684 -0.33017
0.419118 0.397752 -0.0892916
0.702505 0.381542 -0.289437
0.423192 0.400769 -0.0586402
0.590379 0.662242 0.00267503
0.542066 0.662543 -0.00229473
0.592301 0.790764 0.018522
0.543316 0.795845 -0.0202194
0.597058 0.912128 0.145719
0.544505 0.919356 0.100686
0.590646 0.929998 0.153635
0.547103 0.932217 0.103777
0.617812 0.955165 0.0221932
0.548415 0.968375 -0.0418426
0.558431 0.428937 -0.179365
0.563218 0.417959 -0.161721
0.566578 0.417644 -0.161623
0.570015 0.417215 -0.161721
0.553586 0.418752 -0.161353
0.550294 0.418814 -0.161353
0.547 0.418918 -0.161535
0.575881 0.423848 -0.0582989
0.544777 0.426124 -0.0575008
0.566582 0.440596 -0.142563
0.553806 0.441722 -0.142114
0.604475 0.481113 -0.0269897
0.523162 0.481577 -0.0132715
0.655846 0.454831 -0.167544
0.46731 0.480827 -0.0240078
0.705334 0.447932 -0.454518
0.411725 0.4693 -0.116304
0.723629 0.451247 -0.506859
0.395879 0.469776 -0.159104
0.716468 0.447903 -0.527241
0.397353 0.461201 -0.168905
0.710517 0.44867 -0.472904
0.40194 0.463173 -0.128327
0.589944 0.66406 0.00812989
0.5425 0.665417 -0.00782798
0.594349 0.794144 0.00839132
0.538826 0.79724 -0.0562732
0.594431 0.91507 0.133097
0.539961 0.925258 0.0386604
0.587048 0.932341 0.1388
0.542805 0.939205 0.0384166
0.617659 0.958073 0.0150858
0.541777 0.974218 -0.0989742
0.56029 0.428449 -0.180198
0.564828 0.417791 -0.158958
0.568051 0.417407 -0.158785
0.571463 0.416843 -0.158803
0.554901 0.418851 -0.16036
0.551461 0.419007 -0.16036
0.548026 0.419191 -0.160549
0.577046 0.4238 -0.037986
0.545501 0.426237 -0.0496111
0.568493 0.440353 -0.137545
0.555716 0.441812 -0.1402
0.60532 0.482756 0.0246717
0.524265 0.487667 -0.0128975
0.658647 0.489567 -0.0550847
0.467949 0.510877 -0.0279167
0.706205 0.521535 -0.436154
0.415317 0.547723 -0.169374
0.72599 0.536341 -0.440392
0.39851 0.561043 -0.205272
0.719633 0.534502 -0.387899
0.400844 0.559364 -0.237227
0.713355 0.532346 -0.381589
0.407127 0.558245 -0.188929
0.589966 0.664233 0.0278109
0.543271 0.665416 -0.0273831
0.595051 0.797569 0.0270058
0.538159 0.797247 -0.0879213
0.594414 0.916915 0.173813
0.537906 0.926012 0.013349
0.586497 0.934114 0.180715
0.539493 0.940737 0.0141076
0.620147 0.960033 0.0520528
0.540491 0.976624 -0.137706
0.564547 0.428886 -0.235734
0.569008 0.42039 -0.21654
0.572341 0.420344 -0.216534
0.575688 0.420057 -0.216531
0.559678 0.420954 -0.21755
0.5565 0.421186 -0.21755
0.553151 0.421638 -0.217736
0.580566 0.428752 -0.100054
0.549864 0.430107 -0.106844
0.571338 0.441627 -0.192996
0.559219 0.442246 -0.194648
0.605676 0.491752 0.00261558
0.529034 0.498023 -0.0586213
0.655687 0.538 -0.0157883
0.488984 0.557296 -0.0591558
0.686663 0.592009 -0.174766
0.442471 0.609311 -0.163465
0.699998 0.610153 -0.201824
0.425708 0.622323 -0.186252
0.691925 0.609642 -0.235549
0.426364 0.623558 -0.219568
0.686309 0.605927 -0.191238
0.434324 0.622297 -0.18167
0.592142 0.664452 0.0283791
0.547778 0.664561 -0.0279213
0.594575 0.798028 0.0327377
0.545156 0.798448 -0.0732359
0.592465 0.920051 0.168011
0.545112 0.92573 0.0180461
0.584663 0.937827 0.174099
0.546591 0.941025 0.0177654
0.616021 0.963115 0.0589896
0.544784 0.974825 -0.118695
0.563215 0.427769 -0.253272
0.568202 0.419873 -0.23416
0.571477 0.419807 -0.234161
0.57475 0.4195 -0.23416
0.558581 0.420776 -0.232779
0.555313 0.42108 -0.232779
0.552043 0.421626 -0.232785
0.580298 0.429271 -0.118135
0.549404 0.431313 -0.113936
0.570619 0.440703 -0.211008
0.558092 0.441666 -0.209999
0.606198 0.501126 -0.0326687
0.529321 0.506599 -0.0473335
0.630149 0.573303 -0.000622015
0.513508 0.582444 -0.041193
0.646401 0.648873 -0.139825
0.49067 0.649116 -0.153319
0.655013 0.672896 -0.169465
0.482701 0.666896 -0.178209
0.648448 0.674455 -0.206794
0.480034 0.668412 -0.215074
0.64292 0.666858 -0.157799
0.486019 0.662559 -0.172447
0.590971 0.661545 0.0261881
0.544307 0.661992 -0.0256667
0.596761 0.795753 0.0201386
0.546594 0.79722 -0.0628903
0.596242 0.914208 0.161034
0.545494 0.921498 0.05761
0.58984 0.930857 0.167147
0.546774 0.93746 0.0603709
0.614673 0.953704 0.0406281
0.546494 0.965273 -0.0832179
0.560307 0.428125 -0.173005
0.566 0.419348 -0.156162
0.569393 0.419116 -0.156052
0.572613 0.418984 -0.156052
0.556346 0.420533 -0.148479
0.553299 0.421003 -0.148479
0.55008 0.421713 -0.148751
0.579721 0.42909 -0.0613224
0.549307 0.431485 -0.0337563
0.567993 0.441449 -0.140299
0.555996 0.442867 -0.130602
0.605515 0.503348 -0.0261584
0.531042 0.499795 -0.00595252
0.610968 0.586243 -0.0305373
0.517948 0.558927 -0.155434
0.608424 0.667953 -0.128731
0.498873 0.535794 -0.385648
0.612492 0.69742 -0.151708
0.491 0.528416 -0.431514
0.604424 0.697465 -0.18308
0.492328 0.505955 -0.430273
0.601343 0.685628 -0.140457
0.49806 0.523999 -0.392531
0.582957 0.662703 0.0159611
0.535279 0.658857 -0.0159158
0.591514 0.797173 0.0165003
0.542491 0.797725 -0.057279
0.593985 0.913587 0.151469
0.544251 0.924973 0.0444071
0.585823 0.928892 0.157503
0.547243 0.941179 0.0443146
0.615726 0.955468 0.0325037
0.544652 0.967915 -0.0947509
0.563125 0.426109 -0.237361
0.568122 0.418215 -0.218756
0.571497 0.418268 -0.218733
0.575016 0.418348 -0.218733
0.558177 0.41893 -0.218341
0.55482 0.419307 -0.218341
0.551451 0.419633 -0.218394
0.57981 0.429174 -0.113682
0.548283 0.430314 -0.112017
0.570279 0.439969 -0.199111
0.557383 0.440642 -0.198805
0.602483 0.50385 -0.0443112
0.529261 0.504872 -0.0575362
0.614673 0.587166 -0.0161096
0.520833 0.587327 -0.0704783
0.61968 0.667378 -0.100414
0.504853 0.655352 -0.327229
0.62526 0.692355 -0.116434
0.497559 0.675653 -0.246634
0.619807 0.694213 -0.149269
0.496305 0.675631 -0.275022
0.615832 0.686018 -0.114713
0.501891 0.671145 -0.302086
0.588773 0.657914 0.020872
0.544151 0.658287 -0.0207215
0.592575 0.792327 0.019755
0.549055 0.79566 -0.0589002
0.591976 0.916524 0.13698
0.549047 0.923899 0.0227598
0.585102 0.933895 0.140346
0.550348 0.94052 0.0222527
0.61281 0.95826 0.0155963
0.550139 0.967066 -0.110584
0.563581 0.428021 -0.219345
0.568048 0.420302 -0.200035
0.571224 0.420123 -0.200026
0.574409 0.419947 -0.200026
0.558526 0.42135 -0.199152
0.55535 0.421783 -0.199152
0.552171 0.422422 -0.199172
0.579274 0.429508 -0.0905306
0.548962 0.432115 -0.0860553
0.570719 0.441066 -0.179647
0.558541 0.442301 -0.178521
0.605078 0.501455 -0.0235812
0.527965 0.506665 -0.0300879
0.625824 0.57689 -0.0100261
0.50634 0.584555 -0.018966
0.643495 0.65377 -0.138675
0.475377 0.651616 -0.121253
0.652578 0.678418 -0.163433
0.46419 0.66959 -0.134869
0.646043 0.679353 -0.204446
0.461534 0.672241 -0.176342
0.640906 0.671812 -0.159988
0.469036 0.668539 -0.140569
0.591217 0.663104 0.020573
0.544272 0.664876 -0.0202812
0.597746 0.794602 0.015098
0.546394 0.800521 -0.0577323
0.593841 0.913399 0.144722
0.546292 0.922252 0.030561
0.585742 0.93022 0.149853
0.547946 0.936885 0.0359742
0.616703 0.955299 0.0223912
0.546802 0.966706 -0.0895334
0.562842 0.428471 -0.23051
0.567819 0.419683 -0.209874
0.570951 0.419318 -0.209874
0.574417 0.41895 -0.209874
0.558092 0.421032 -0.208848
0.554795 0.421631 -0.208848
0.551497 0.422245 -0.208849
0.580673 0.427425 -0.0960816
0.549079 0.431246 -0.0899097
0.571046 0.441174 -0.189632
0.558373 0.44267 -0.187628
0.607443 0.494332 -0.0214992
0.530743 0.503675 -0.0333782
0.647535 0.54937 -0.0490153
0.494714 0.566325 -0.0268341
0.673303 0.606818 -0.252501
0.447714 0.616136 -0.134817
0.685005 0.62582 -0.290306
0.43205 0.62958 -0.15313
0.677428 0.623861 -0.326525
0.431637 0.628065 -0.191099
0.671865 0.619225 -0.272433
0.439111 0.626118 -0.154069
0.594103 0.668496 0.0177674
0.549631 0.669428 -0.0173344
0.593006 0.798522 0.0273922
0.549737 0.800927 -0.039956
0.59214 0.916425 0.190641
0.54889 0.92789 0.0628078
0.585566 0.933644 0.198602
0.55004 0.943622 0.0644426
0.612959 0.956644 0.0788407
0.550981 0.972413 -0.0730373
0.562724 0.431873 -0.196599
0.567273 0.42174 -0.177468
0.570377 0.421112 -0.177385
0.573827 0.420476 -0.177468
0.557777 0.423543 -0.178487
0.554665 0.42419 -0.178404
0.551389 0.424948 -0.178405
0.579814 0.427597 -0.0705934
0.549233 0.432722 -0.0741469
0.571334 0.443524 -0.158779
0.558575 0.445837 -0.15946
0.607277 0.491457 -0.027943
0.525457 0.495834 -0.0330748
0.655437 0.507202 -0.220229
0.469725 0.515964 -0.0315265
0.695903 0.51238 -0.534216
0.41181 0.523775 -0.137817
0.712786 0.517626 -0.590945
0.395951 0.528158 -0.161028
0.705447 0.513885 -0.611962
0.395187 0.520623 -0.192888
0.699259 0.514226 -0.552517
0.40044 0.522078 -0.157693
0.584286 0.676481 0.0184804
0.54034 0.673199 -0.0178413
0.588215 0.803867 0.0508326
0.537971 0.797214 -0.0574602
0.590957 0.914782 0.194545
0.540786 0.926597 0.0152527
0.584263 0.930672 0.201435
0.541539 0.942702 0.0146844
0.614177 0.951685 0.0870011
0.547718 0.969369 -0.114293
0.560522 0.427892 -0.183369
0.565042 0.417896 -0.164175
0.567998 0.417502 -0.164088
0.571459 0.417025 -0.164175
0.555527 0.419037 -0.163946
0.552257 0.419318 -0.163859
0.549128 0.419719 -0.16394
0.576572 0.423996 -0.0613075
0.546121 0.427209 -0.0581151
0.567986 0.439528 -0.147193
0.555507 0.440843 -0.146158
0.604339 0.484175 -0.0477495
0.522229 0.488916 0.00192573
0.658134 0.464025 -0.230687
0.465752 0.480787 -0.00250358
0.700425 0.440199 -0.497886
0.410209 0.460238 -0.10959
0.716722 0.43893 -0.552784
0.395314 0.459041 -0.13333
0.710985 0.434134 -0.568913
0.395612 0.44915 -0.155866
0.705018 0.43669 -0.514865
0.399954 0.451168 -0.12638
0.590703 0.671538 -0.0012782
0.54306 0.66921 0.00154723
0.592335 0.803899 -0.012334
0.541685 0.799971 -0.0132648
0.592259 0.922085 0.109321
0.541772 0.926869 0.0807437
0.586008 0.938424 0.113955
0.544708 0.942241 0.0805705
0.608978 0.960367 -0.0175857
0.545009 0.971084 -0.0539577
0.557554 0.429691 -0.159611
0.562501 0.419405 -0.14397
0.565466 0.418963 -0.143883
0.568959 0.418471 -0.14397
0.553032 0.420713 -0.139291
0.549844 0.421055 -0.139286
0.546705 0.421516 -0.139379
0.575043 0.424784 -0.0509995
0.544829 0.428342 -0.0310288
0.565457 0.440724 -0.126522
0.55302 0.442119 -0.120487
0.602477 0.479176 -0.0458796
0.524481 0.483679 0.0199745
0.655629 0.439878 -0.147848
0.46816 0.452082 0.00791667
0.698965 0.391872 -0.330265
0.420734 0.417878 -0.0986273
0.715003 0.384271 -0.380134
0.407399 0.413417 -0.132565
0.70804 0.377079 -0.392011
0.412592 0.403485 -0.14953
0.702669 0.380548 -0.345353
0.415754 0.406282 -0.114845
0.590644 0.665298 -0.00762069
0.543603 0.664478 0.00801655
0.591924 0.795116 -0.0153518
0.542332 0.796982 -0.0164763
0.594072 0.91557 0.102041
0.543243 0.922924 0.0773964
0.586709 0.932113 0.106019
0.545464 0.937113 0.0774618
0.609958 0.954863 -0.0338095
0.547402 0.966585 -0.0664979
0.557799 0.429637 -0.18732
0.563358 0.419197 -0.16969
0.566732 0.418907 -0.169703
0.570549 0.418418 -0.16969
0.553302 0.420116 -0.163084
0.549976 0.420232 -0.163138
0.546726 0.420523 -0.16335
0.576574 0.424703 -0.0682831
0.544834 0.427148 -0.0373738
0.565592 0.440717 -0.150969
0.553119 0.441686 -0.142468
0.601548 0.47642 -0.0592355
0.525832 0.479703 -0.0186994
0.651308 0.419556 -0.143605
0.479358 0.43081 -0.0495041
0.691371 0.362062 -0.287796
0.439148 0.380136 -0.153336
0.705033 0.348472 -0.338759
0.426981 0.369614 -0.195709
0.697842 0.341868 -0.346017
0.43302 0.358702 -0.208789
0.693586 0.346971 -0.301643
0.43675 0.362645 -0.16873
0.594856 0.659137 -0.00716171
0.548634 0.661953 0.00759717
0.594007 0.788032 0.0104466
0.548812 0.795506 -0.0169718
0.596859 0.911146 0.126385
0.545458 0.922011 0.064311
0.590742 0.928713 0.130138
0.547274 0.936646 0.0636393
0.611837 0.949861 -0.0185036
0.549135 0.963053 -0.0908459
0.560745 0.429253 -0.246192
0.56613 0.418425 -0.228091
0.56977 0.418318 -0.228094
0.57378 0.41787 -0.228091
0.555863 0.419209 -0.223565
0.552257 0.419234 -0.223568
0.548693 0.419505 -0.223577
0.579676 0.424623 -0.117341
0.54603 0.426256 -0.0992603
0.568697 0.440411 -0.206042
0.555361 0.441604 -0.200368
0.601591 0.475818 -0.106256
0.526884 0.477467 -0.0347265
0.647466 0.420591 -0.237339
0.480371 0.432557 -0.0336726
0.688436 0.360003 -0.404842
0.442594 0.382195 -0.00286087
0.702657 0.348031 -0.450497
0.430319 0.372403 -0.0218937
0.694712 0.339074 -0.458238
0.437289 0.358273 -0.0302433
0.689883 0.343781 -0.417619
0.440271 0.362693 -0.0120483
0.591821 0.658507 -0.00970761
0.545746 0.661627 0.0100046
0.591644 0.787316 0.0196199
0.546153 0.793526 -0.00442823
0.59799 0.914951 0.130908
0.545067 0.919645 0.0710129
0.591931 0.934733 0.13269
0.54736 0.934707 0.0682355
0.616253 0.953809 -0.00735766
0.548486 0.961451 -0.0854525
0.560782 0.429476 -0.149904
0.566473 0.418393 -0.131511
0.569927 0.418422 -0.131413
0.573748 0.418151 -0.131413
0.556308 0.418498 -0.130077
0.552733 0.418278 -0.130077
0.549293 0.418146 -0.130347
0.578967 0.424448 -0.0193317
0.545959 0.423948 -0.0169608
0.567723 0.440601 -0.109404
0.554436 0.440808 -0.108411
0.600937 0.473838 -0.00475144
0.525483 0.474849 0.0151277
0.651128 0.42084 -0.162563
0.477138 0.432221 -0.0676332
0.693408 0.360369 -0.343234
0.435863 0.384094 -0.215612
0.707248 0.351902 -0.398929
0.423774 0.376122 -0.262364
0.699379 0.342501 -0.407002
0.429266 0.366492 -0.271458
0.694791 0.346395 -0.358727
0.432864 0.370794 -0.229933
0.595195 0.656122 -0.00614958
0.54809 0.657537 0.00633549
0.594062 0.790228 -0.00430306
0.546308 0.794115 -0.0368774
0.599189 0.918118 0.110976
0.544578 0.923091 0.0633127
0.593844 0.936512 0.114444
0.547928 0.938059 0.0627819
0.612406 0.957646 -0.030467
0.545207 0.965181 -0.0856199
0.560307 0.429464 -0.200293
0.566049 0.418086 -0.181052
0.569764 0.417916 -0.180965
0.57355 0.417635 -0.180965
0.555705 0.418619 -0.178658
0.552111 0.418552 -0.178658
0.548554 0.418675 -0.178838
0.579705 0.424572 -0.0683215
0.545863 0.425366 -0.0616069
0.568635 0.441106 -0.160084
0.554472 0.441562 -0.157674
0.604359 0.47718 -0.0424978
0.526045 0.477979 -0.0127829
0.654432 0.425207 -0.162543
0.472437 0.436585 -0.087781
0.6956 0.379448 -0.345199
0.428193 0.401918 -0.227357
0.707706 0.374553 -0.39499
0.413301 0.396661 -0.270971
0.701216 0.368473 -0.40684
0.419786 0.390205 -0.281538
0.694939 0.37166 -0.360887
0.4241 0.394713 -0.242112
0.592537 0.661378 1.17172e-06
0.544073 0.660479 0.000328791
0.592266 0.793688 0.00284561
0.543484 0.796413 -0.0319774
0.597185 0.918783 0.146942
0.543925 0.924996 0.070548
0.590961 0.937014 0.152733
0.547652 0.939123 0.0690499
0.61471 0.95993 0.011777
0.544619 0.971062 -0.0796547
0.560455 0.429545 -0.190359
0.565982 0.418088 -0.172611
0.569559 0.417892 -0.172517
0.573214 0.417491 -0.172601
0.555707 0.419064 -0.172194
0.552113 0.419216 -0.172194
0.54856 0.419642 -0.172299
0.579381 0.424502 -0.0657777
0.545878 0.427077 -0.0672762
0.568963 0.441183 -0.152289
0.555217 0.442488 -0.15231
0.606135 0.479239 -0.0282304
0.525781 0.485393 -0.0197756
0.665133 0.450632 -0.162758
0.46959 0.473625 -0.0537811
0.711662 0.431267 -0.411769
0.41607 0.459785 -0.183306
0.728392 0.431701 -0.463744
0.400078 0.460747 -0.220844
0.721461 0.426155 -0.483262
0.402836 0.45169 -0.24009
0.714989 0.427557 -0.430326
0.407986 0.452912 -0.199883
0.592617 0.668179 0.0103407
0.544388 0.66675 -0.00995564
0.592294 0.795593 0.0399533
0.542076 0.796167 -0.0638279
0.595654 0.914539 0.186967
0.543131 0.924717 0.049756
0.589013 0.931987 0.194289
0.546461 0.938435 0.0512389
0.616047 0.955651 0.067875
0.544585 0.972196 -0.0901981
0.561592 0.429384 -0.192541
0.566466 0.418087 -0.173632
0.569784 0.417731 -0.173538
0.573475 0.417225 -0.173564
0.556443 0.418965 -0.173935
0.552961 0.419195 -0.173935
0.549611 0.419656 -0.174042
0.579492 0.424208 -0.0611261
0.546999 0.427219 -0.0672473
0.570069 0.441025 -0.152554
0.557001 0.442373 -0.153579
0.607657 0.481108 -0.0093943
0.526184 0.488862 -0.0207471
0.667122 0.476581 -0.131885
0.469825 0.504283 -0.0495971
0.714848 0.497674 -0.388657
0.41499 0.527983 -0.190266
0.733121 0.508973 -0.435491
0.397767 0.53777 -0.224644
0.726532 0.505851 -0.461674
0.399149 0.533329 -0.252722
0.720208 0.504252 -0.407798
0.405965 0.533321 -0.20886
0.592333 0.668573 0.0256306
0.544615 0.666957 -0.0252724
0.593101 0.796063 0.0502381
0.541507 0.796102 -0.0959972
0.595394 0.911502 0.210634
0.542815 0.924691 0.00472185
0.588168 0.927599 0.219518
0.544978 0.938654 0.00535625
0.61899 0.954485 0.0957437
0.545515 0.974546 -0.141604
0.565392 0.43026 -0.250977
0.56991 0.420562 -0.23086
0.57325 0.420312 -0.230859
0.57696 0.420042 -0.230673
0.560391 0.421691 -0.233264
0.557037 0.421923 -0.233264
0.553864 0.422399 -0.23345
0.582554 0.427846 -0.111242
0.551082 0.430878 -0.122596
0.573224 0.442323 -0.206881
0.560731 0.443733 -0.209858
0.605949 0.488089 -0.0143653
0.532709 0.496823 -0.0800592
0.654269 0.526888 -0.0628593
0.487724 0.550232 -0.0839779
0.693903 0.572025 -0.279225
0.435266 0.599029 -0.186328
0.710403 0.588475 -0.313651
0.417381 0.612605 -0.223854
0.703799 0.587936 -0.350271
0.418478 0.612339 -0.242822
0.697667 0.585655 -0.300237
0.42629 0.610901 -0.204682
0.59169 0.663358 0.0337703
0.550019 0.662536 -0.0334207
0.594133 0.797899 0.0477049
0.544074 0.797725 -0.0882135
0.592485 0.921312 0.197943
0.54115 0.930809 0.001755
0.5841 0.940345 0.199518
0.540782 0.947875 0.00035731
0.621415 0.962644 0.086542
0.546272 0.980314 -0.13671
0.563423 0.425991 -0.220257
0.568311 0.418251 -0.200961
0.571252 0.41844 -0.200957
0.574558 0.418399 -0.200944
0.558986 0.418846 -0.201813
0.555695 0.419111 -0.201651
0.552587 0.419392 -0.20183
0.57973 0.427979 -0.0880856
0.549355 0.428838 -0.0930452
0.57028 0.43947 -0.178893
0.558204 0.439877 -0.180309
0.604445 0.498619 -0.000135724
0.527519 0.504206 -0.0461223
0.635545 0.564023 0.0416228
0.503785 0.578822 -0.0501052
0.655987 0.634919 -0.0891245
0.469162 0.647229 -0.140768
0.665598 0.657459 -0.114053
0.456466 0.664574 -0.160427
0.659073 0.659426 -0.151999
0.456685 0.668411 -0.204451
0.65355 0.652951 -0.107123
0.465442 0.665446 -0.161781
0.588705 0.663075 0.0316043
0.543728 0.664268 -0.0314351
0.591405 0.794281 0.0305652
0.540653 0.797895 -0.0843064
0.592492 0.913307 0.161793
0.543978 0.922438 0.0122594
0.585555 0.930468 0.165402
0.545942 0.935711 0.0128832
0.617309 0.955023 0.0495927
0.543515 0.974016 -0.127174
0.56262 0.42778 -0.256401
0.568139 0.41933 -0.238513
0.571702 0.419331 -0.238513
0.575275 0.419321 -0.238342
0.557962 0.419948 -0.237454
0.554391 0.42031 -0.23727
0.550999 0.420672 -0.23745
0.581001 0.429427 -0.125653
0.548138 0.430449 -0.122374
0.57031 0.441136 -0.214782
0.556924 0.441867 -0.214088
0.603698 0.501178 -0.0420856
0.530918 0.505911 -0.048759
0.616879 0.584921 -0.00799969
0.527523 0.592226 -0.0531855
0.621975 0.668522 -0.106028
0.516308 0.663131 -0.150462
0.627958 0.694726 -0.124557
0.510688 0.683847 -0.174043
0.621876 0.697595 -0.157823
0.510689 0.685335 -0.209153
0.617516 0.689035 -0.120746
0.516113 0.679183 -0.168122
0.591636 0.659401 0.0300602
0.548446 0.661383 -0.0297015
0.593965 0.792026 0.0377987
0.550639 0.800589 -0.0673431
0.594495 0.914132 0.173983
0.550019 0.92984 0.0218195
0.588063 0.932729 0.179595
0.551139 0.94694 0.021998
0.61471 0.952815 0.0577928
0.550928 0.97298 -0.1163
0.561405 0.426346 -0.241988
0.56678 0.418184 -0.224485
0.570317 0.418215 -0.224485
0.573852 0.418135 -0.224475
0.557219 0.418879 -0.223613
0.553856 0.419199 -0.223599
0.550671 0.419624 -0.223613
0.579637 0.427806 -0.118214
0.54847 0.428792 -0.114794
0.568842 0.439606 -0.202994
0.556096 0.44016 -0.202313
0.601891 0.503178 -0.0403516
0.528921 0.505319 -0.0584418
0.612362 0.587551 -0.00737979
0.523951 0.591925 -0.0455236
0.615706 0.66821 -0.119042
0.515155 0.667155 -0.13299
0.620732 0.694943 -0.143112
0.510313 0.689837 -0.153232
0.614401 0.696097 -0.176719
0.510503 0.691246 -0.189028
0.610358 0.686338 -0.134632
0.515372 0.684089 -0.150079
0.583373 0.656843 0.0273241
0.538572 0.657067 -0.0269414
0.591642 0.789553 0.027413
0.544167 0.795965 -0.0612687
0.595323 0.913374 0.160739
0.539394 0.924313 0.0263924
0.589539 0.931899 0.158691
0.538818 0.940383 0.0264077
0.614948 0.951117 0.0103276
0.544705 0.966635 -0.109206
0.561583 0.426801 -0.232016
0.566656 0.418758 -0.213714
0.570162 0.418755 -0.213714
0.573351 0.418628 -0.213553
0.557021 0.419404 -0.212681
0.553684 0.419761 -0.212519
0.550523 0.42014 -0.212681
0.579461 0.428083 -0.108599
0.547947 0.429587 -0.102664
0.569055 0.440103 -0.193893
0.556423 0.44065 -0.192382
0.605165 0.501375 -0.0423662
0.526826 0.505217 -0.0446447
0.621049 0.579794 -0.0369825
0.514046 0.589191 -0.0305437
0.629458 0.65594 -0.184857
0.494502 0.661285 -0.116326
0.636683 0.68211 -0.213037
0.487093 0.682239 -0.13075
0.629494 0.682375 -0.247803
0.485725 0.684027 -0.168906
0.624537 0.673729 -0.201485
0.492223 0.678041 -0.133885
0.587936 0.661147 0.0160882
0.540378 0.661543 -0.0157448
0.59233 0.79231 0.0178237
0.545427 0.797537 -0.0345384
0.592034 0.912226 0.148165
0.546369 0.922563 0.0696337
0.585181 0.929397 0.152336
0.548435 0.938083 0.0710666
0.612272 0.953212 0.0269149
0.547269 0.966801 -0.061173
0.564779 0.427755 -0.246853
0.569097 0.419106 -0.227685
0.572238 0.418854 -0.22754
0.575707 0.418384 -0.22751
0.56003 0.420453 -0.226198
0.55689 0.420944 -0.226169
0.553756 0.421545 -0.226198
0.581509 0.426261 -0.115895
0.551542 0.42978 -0.105718
0.572582 0.43983 -0.206227
0.560559 0.441321 -0.202931
0.61071 0.488807 -0.0462967
0.52957 0.50007 -0.0407845
0.659644 0.534974 -0.143929
0.486225 0.552721 -0.030639
0.687244 0.579493 -0.396831
0.432748 0.593807 -0.149806
0.699793 0.596811 -0.443949
0.41521 0.606885 -0.173364
0.690602 0.592026 -0.47628
0.415932 0.603062 -0.207946
0.685086 0.589264 -0.416503
0.423383 0.601793 -0.16934
0.591198 0.668625 0.00609531
0.543609 0.670147 -0.00574687
0.59324 0.798821 0.00774158
0.544682 0.80004 -0.00414468
0.592578 0.91916 0.155798
0.54452 0.923665 0.118659
0.585404 0.936113 0.162239
0.547384 0.939918 0.121443
0.614169 0.959989 0.0352017
0.543962 0.966276 -0.00849416
0.563326 0.429388 -0.191552
0.568268 0.419894 -0.170983
0.57138 0.419641 -0.170983
0.574839 0.419168 -0.170982
0.558632 0.421123 -0.171743
0.555357 0.421603 -0.171657
0.55224 0.422202 -0.171743
0.580578 0.427046 -0.0608624
0.549873 0.430418 -0.0647936
0.571382 0.441675 -0.15271
0.558807 0.443148 -0.153549
0.609556 0.490475 -0.019947
0.524858 0.496431 -0.0233139
0.665167 0.499206 -0.148287
0.469483 0.517487 -0.0314918
0.707342 0.511621 -0.409763
0.409782 0.526836 -0.15506
0.723711 0.519585 -0.459329
0.393635 0.532415 -0.180905
0.715907 0.516156 -0.48802
0.39344 0.525093 -0.211833
0.710095 0.516411 -0.429601
0.399489 0.526166 -0.173771
0.590233 0.676066 0.0192493
0.543149 0.673378 -0.0189496
0.592536 0.806486 0.0318629
0.540218 0.79584 -0.0533084
0.593365 0.916459 0.177758
0.540713 0.919143 0.0554731
0.585568 0.931954 0.185773
0.542602 0.933994 0.0575437
0.616388 0.956736 0.0656794
0.544936 0.96378 -0.0815789
0.561941 0.427787 -0.206009
0.566832 0.41739 -0.186282
0.570084 0.416999 -0.186277
0.57353 0.416566 -0.186277
0.557185 0.418654 -0.18479
0.553762 0.418996 -0.18463
0.55051 0.419455 -0.18479
0.579333 0.423588 -0.0774266
0.548068 0.426934 -0.0691599
0.569969 0.439583 -0.16783
0.557094 0.440964 -0.16518
0.608854 0.485047 -0.0532219
0.524125 0.489901 -0.00961186
0.661715 0.465465 -0.26663
0.469332 0.482169 -0.0121851
0.702612 0.435799 -0.563922
0.412612 0.45795 -0.126287
0.719214 0.432598 -0.625574
0.398061 0.455792 -0.153943
0.712839 0.428446 -0.641139
0.39706 0.444793 -0.17629
0.706979 0.431478 -0.581778
0.401434 0.447139 -0.143437
0.594483 0.672823 0.00487862
0.545296 0.669977 -0.00465029
0.593653 0.8037 0.0208879
0.542647 0.800528 -0.0307622
0.593784 0.920592 0.164347
0.541508 0.92838 0.0937152
0.587843 0.936162 0.170819
0.544073 0.942792 0.0947286
0.609079 0.960334 0.0365373
0.545128 0.974118 -0.05096
0.558606 0.42819 -0.202234
0.563758 0.41774 -0.183937
0.567082 0.417421 -0.183936
0.570573 0.417064 -0.183936
0.553985 0.418802 -0.182547
0.550617 0.418983 -0.182384
0.547291 0.419268 -0.182547
0.576325 0.423603 -0.0775318
0.544514 0.426001 -0.0723355
0.566275 0.439506 -0.163777
0.553296 0.44052 -0.16216
0.60236 0.475528 -0.0462983
0.524064 0.480146 -0.038816
0.655755 0.427305 -0.157292
0.476177 0.445227 -0.127352
0.700386 0.373028 -0.287933
0.432853 0.396975 -0.271367
0.716727 0.362038 -0.333484
0.418338 0.387306 -0.317572
0.709735 0.354841 -0.342866
0.423117 0.376968 -0.328176
0.704416 0.359251 -0.302248
0.4272 0.381365 -0.286739
0.592459 0.658328 0.0032516
0.544467 0.659419 -0.00293293
0.591963 0.787106 0.0127458
0.54108 0.793845 -0.0342941
0.594633 0.909508 0.119205
0.541452 0.921647 0.0864266
0.587997 0.926752 0.121595
0.54448 0.935911 0.0883559
0.610575 0.948754 -0.0127041
0.542008 0.966511 -0.0532751
0.558809 0.427668 -0.190923
0.564178 0.416946 -0.17451
0.56774 0.416725 -0.174429
0.571617 0.416464 -0.174429
0.554103 0.417784 -0.169081
0.55073 0.417793 -0.16907
0.547556 0.418112 -0.169248
0.577788 0.423119 -0.0747921
0.544767 0.424797 -0.051352
0.566564 0.438984 -0.155193
0.553838 0.439765 -0.147844
0.602778 0.474602 -0.0533031
0.527597 0.47645 -0.00157878
0.652133 0.421135 -0.204393
0.480172 0.432744 0.0189124
0.695272 0.363238 -0.395094
0.440571 0.380709 -0.0361878
0.71039 0.35141 -0.449667
0.428418 0.371184 -0.066344
0.702885 0.344217 -0.456451
0.434582 0.358743 -0.0796435
0.698277 0.349004 -0.409307
0.437189 0.36269 -0.0498621
0.592871 0.656787 -0.00834011
0.546349 0.657837 0.00865468
0.592185 0.787474 0.00488348
0.543767 0.793166 -0.0198111
0.598837 0.911635 0.11756
0.541545 0.920676 0.07681
0.593322 0.928941 0.120543
0.544483 0.935324 0.07574
0.613966 0.951409 -0.0248221
0.542491 0.963872 -0.0749218
0.562253 0.427622 -0.206568
0.567975 0.416934 -0.189479
0.57138 0.416643 -0.189456
0.575154 0.416344 -0.189456
0.557657 0.417523 -0.184906
0.554171 0.417502 -0.184772
0.550893 0.417712 -0.184959
0.581038 0.422939 -0.0865669
0.547711 0.424768 -0.063153
0.569576 0.438712 -0.169741
0.556298 0.439573 -0.163653
0.602808 0.47491 -0.0685411
0.528642 0.476226 -0.0208594
0.652171 0.420138 -0.169384
0.481443 0.424212 -0.051525
0.69541 0.363301 -0.335702
0.441011 0.375854 -0.149812
0.710418 0.351865 -0.387791
0.428378 0.36686 -0.190096
0.702888 0.344616 -0.39845
0.435037 0.355761 -0.204129
0.698289 0.349234 -0.351286
0.438158 0.359461 -0.165229
0.593176 0.656658 -0.00549688
0.546671 0.658328 0.00582129
0.59239 0.787554 0.0058716
0.545758 0.793522 -0.0222075
0.598501 0.912514 0.116886
0.54505 0.919699 0.071492
0.593259 0.93099 0.11987
0.547973 0.934069 0.0711154
0.614267 0.952528 -0.0273286
0.547595 0.962956 -0.0766583
0.56302 0.427982 -0.20431
0.568693 0.41717 -0.185605
0.572099 0.416881 -0.185539
0.57568 0.416636 -0.185539
0.558268 0.417787 -0.1832
0.554829 0.417766 -0.183161
0.551397 0.418043 -0.183349
0.58131 0.423366 -0.0771338
0.548014 0.425127 -0.0681885
0.570322 0.439215 -0.165497
0.556984 0.440053 -0.162611
0.604053 0.475682 -0.0393976
0.527584 0.476837 -0.0386597
0.654642 0.422974 -0.121774
0.479047 0.426275 -0.108107
0.698381 0.372128 -0.282279
0.435597 0.385195 -0.248611
0.71351 0.362998 -0.330225
0.421869 0.378339 -0.295415
0.706238 0.355881 -0.343209
0.427392 0.369831 -0.307829
0.701857 0.359441 -0.298445
0.431669 0.373346 -0.264401
0.593756 0.658215 0.00689639
0.546257 0.659599 -0.0065932
0.594155 0.788772 0.0190704
0.545738 0.793945 -0.0398097
0.598429 0.909757 0.146272
0.544674 0.919347 0.0713234
0.592923 0.927703 0.151296
0.547725 0.933739 0.0714333
0.614295 0.950073 0.00616768
0.547573 0.963662 -0.0806536
0.562982 0.428751 -0.196718
0.568292 0.41762 -0.178612
0.571712 0.417171 -0.178516
0.574987 0.416779 -0.178596
0.558263 0.418891 -0.177441
0.55481 0.419097 -0.177448
0.551387 0.419767 -0.177559
0.580477 0.42353 -0.0736532
0.547992 0.427215 -0.0689678
0.570317 0.44024 -0.159727
0.557239 0.441971 -0.158323
0.606086 0.481033 -0.0468996
0.526553 0.484916 -0.0220806
0.660827 0.455045 -0.206111
0.471339 0.465052 -0.0579296
0.705139 0.428591 -0.463589
0.419535 0.445919 -0.214736
0.722524 0.426641 -0.516213
0.404065 0.445217 -0.267435
0.715293 0.421605 -0.532942
0.406905 0.436683 -0.305441
0.709548 0.423814 -0.480966
0.411553 0.438805 -0.232015
0.593544 0.669253 0.00490967
0.545565 0.666947 -0.00459213
0.593993 0.796099 0.0171099
0.543077 0.795154 -0.0401597
0.598054 0.912225 0.150399
0.5443 0.920487 0.0745155
0.591786 0.929219 0.156103
0.547644 0.934173 0.076041
0.61501 0.95346 0.0238747
0.54691 0.969413 -0.0697585
0.563519 0.42856 -0.18021
0.568571 0.417471 -0.161505
0.571978 0.416987 -0.161321
0.57529 0.416544 -0.161425
0.558779 0.418875 -0.161722
0.555355 0.419077 -0.161724
0.552062 0.41976 -0.161809
0.581254 0.423396 -0.0527203
0.54951 0.427234 -0.0552945
0.571676 0.44022 -0.141716
0.558821 0.441886 -0.14216
0.60818 0.48267 -0.0184292
0.527516 0.487727 -0.013375
0.661153 0.48861 -0.190956
0.471746 0.500521 -0.031129
0.706482 0.496782 -0.48998
0.415438 0.512131 -0.161062
0.725384 0.503935 -0.544473
0.398404 0.518226 -0.191035
0.717923 0.501809 -0.566556
0.399254 0.511907 -0.219753
0.711589 0.501938 -0.508752
0.40495 0.512791 -0.178594
0.593322 0.667957 0.0200776
0.545925 0.665937 -0.0197437
0.594407 0.796476 0.0449002
0.541899 0.794749 -0.0905227
0.597485 0.911215 0.195185
0.543705 0.921908 0.00242243
0.589592 0.927912 0.202932
0.545626 0.936393 0.0026483
0.618541 0.953038 0.0849945
0.546708 0.971497 -0.138316
0.566976 0.42831 -0.179923
0.571681 0.418991 -0.160641
0.574687 0.418713 -0.160508
0.578342 0.418449 -0.160549
0.56221 0.420013 -0.16198
0.559037 0.420428 -0.161981
0.555878 0.421139 -0.162069
0.583579 0.426368 -0.0492464
0.553276 0.429319 -0.057328
0.574583 0.440507 -0.1398
0.562474 0.441968 -0.141899
0.605823 0.488956 0.0255375
0.53276 0.494631 -0.0236835
0.648949 0.533997 -0.0627924
0.484916 0.541159 -0.0316234
0.68761 0.572496 -0.323985
0.431825 0.587985 -0.136604
0.704619 0.588074 -0.366531
0.414348 0.600422 -0.150228
0.697513 0.584409 -0.398202
0.414829 0.601301 -0.189233
0.691634 0.581451 -0.344248
0.422344 0.600619 -0.155153
0.588392 0.664283 0.0321446
0.546951 0.662485 -0.0318414
0.590958 0.798696 0.0437234
0.543623 0.796952 -0.0757598
0.591711 0.919625 0.177138
0.542202 0.930694 -0.0152965
0.584238 0.937678 0.182471
0.541603 0.947275 -0.0177359
0.619279 0.959867 0.069833
0.548693 0.979109 -0.151099
0.564627 0.42787 -0.196878
0.570159 0.419879 -0.178241
0.57343 0.419928 -0.178148
0.576724 0.419978 -0.178236
0.560323 0.420429 -0.175407
0.557043 0.420617 -0.175321
0.553761 0.421052 -0.175412
0.582421 0.429946 -0.0721412
0.551277 0.430176 -0.0601786
0.571775 0.441312 -0.158884
0.559212 0.441605 -0.155423
0.605925 0.503148 0.00222339
0.528751 0.506008 -0.00367004
0.619491 0.580465 -0.00953046
0.507905 0.586176 0.00962948
0.633035 0.656336 -0.142428
0.479455 0.656599 -0.085697
0.642062 0.681477 -0.168019
0.469749 0.675303 -0.0968008
0.636457 0.681299 -0.203827
0.465619 0.677179 -0.13973
0.631706 0.673467 -0.159105
0.472277 0.672991 -0.106066
0.585176 0.663625 0.0188189
0.537499 0.663738 -0.0183291
0.593247 0.794937 0.0143623
0.537663 0.804075 -0.0586825
0.592953 0.914082 0.170003
0.539082 0.935005 0.0383871
0.586873 0.930529 0.17548
0.542019 0.952077 0.0387092
0.609949 0.958549 0.0553506
0.535169 0.980221 -0.0982256
0.562616 0.427186 -0.249256
0.568157 0.419239 -0.233302
0.57144 0.419188 -0.2333
0.575077 0.419158 -0.233303
0.558472 0.419893 -0.231212
0.555182 0.420186 -0.231209
0.552061 0.420731 -0.231211
0.581293 0.429464 -0.132776
0.550273 0.43033 -0.123083
0.570356 0.440982 -0.211969
0.557764 0.441466 -0.209668
0.605445 0.505133 -0.0569938
0.530947 0.50674 -0.0652852
0.610644 0.588637 -0.0234893
0.523884 0.591546 -0.0455634
0.60878 0.665802 -0.119868
0.513091 0.668125 -0.13061
0.612257 0.691267 -0.1392
0.507389 0.690583 -0.150495
0.607453 0.691951 -0.170905
0.507248 0.692524 -0.18659
0.604395 0.68257 -0.134416
0.512602 0.685588 -0.148208
0.585818 0.660694 0.0189352
0.5402 0.660283 -0.0185516
0.590759 0.79244 0.0161049
0.542685 0.796146 -0.0517352
0.592181 0.916368 0.143121
0.5409 0.922028 0.0359186
0.585772 0.934439 0.146363
0.541907 0.937666 0.0363347
0.612275 0.957935 0.00955118
0.541483 0.967741 -0.0941016
0.563421 0.42759 -0.289651
0.568776 0.41883 -0.272179
0.572202 0.418784 -0.27218
0.575819 0.41875 -0.272179
0.558656 0.419676 -0.272673
0.555223 0.419962 -0.272497
0.551793 0.42049 -0.272673
0.581304 0.429382 -0.163785
0.548995 0.430846 -0.166507
0.571117 0.441291 -0.249414
0.557763 0.442173 -0.250436
0.602214 0.504789 -0.0704546
0.529741 0.507107 -0.116076
0.613218 0.590106 -0.0262469
0.52446 0.59502 -0.105931
0.617717 0.672723 -0.111794
0.515911 0.672809 -0.184133
0.623239 0.698578 -0.127696
0.510302 0.695617 -0.206608
0.6181 0.701546 -0.162289
0.510792 0.696658 -0.239513
0.613757 0.693046 -0.127443
0.51554 0.69015 -0.200227
0.583814 0.659443 0.0317762
0.540129 0.66002 -0.0314987
0.591345 0.791623 0.0321111
0.547063 0.796735 -0.0675179
0.590811 0.913586 0.146096
0.542963 0.922736 0.0175688
0.584098 0.931973 0.148427
0.542015 0.939023 0.0178698
0.612551 0.953921 0.0269478
0.54731 0.967384 -0.11521
0.562757 0.429025 -0.258016
0.567314 0.420857 -0.239093
0.570541 0.420577 -0.238907
0.574112 0.420314 -0.238907
0.557477 0.421778 -0.239803
0.554244 0.422295 -0.239586
0.550844 0.422836 -0.239803
0.579528 0.430397 -0.129977
0.548066 0.432942 -0.133221
0.570572 0.442089 -0.218141
0.557519 0.443292 -0.219064
0.602939 0.503527 -0.0469831
0.530222 0.506897 -0.0825755
0.621094 0.583467 -0.0236047
0.520186 0.591642 -0.068011
0.635383 0.661024 -0.132627
0.501908 0.667923 -0.150426
0.643427 0.685279 -0.149206
0.493259 0.689847 -0.163093
0.638879 0.687508 -0.187524
0.493591 0.691254 -0.200526
0.633782 0.680073 -0.150286
0.499896 0.685364 -0.167089
0.585266 0.661154 0.0285755
0.541807 0.660946 -0.0282766
0.587648 0.791481 0.0379518
0.544202 0.797325 -0.0476994
0.589102 0.912206 0.165813
0.543412 0.923562 0.0397296
0.582554 0.929502 0.170685
0.544098 0.938854 0.0404148
0.612025 0.95499 0.0532426
0.545783 0.971425 -0.0869492
0.566301 0.427252 -0.187985
0.570022 0.419088 -0.166219
0.573189 0.418855 -0.166214
0.576371 0.418513 -0.166214
0.560499 0.42045 -0.167957
0.557154 0.421021 -0.167954
0.553804 0.421593 -0.168043
0.580439 0.427618 -0.0534076
0.549782 0.431291 -0.0575965
0.573086 0.440155 -0.147409
0.560902 0.441771 -0.148713
0.606568 0.497786 0.0184025
0.527791 0.506204 -0.0110324
0.644115 0.556613 0.00609302
0.501102 0.581165 -0.00831744
0.6711 0.614241 -0.173685
0.465609 0.642483 -0.106832
0.682029 0.633 -0.208125
0.452716 0.65828 -0.120229
0.676826 0.63055 -0.245778
0.45167 0.659189 -0.161422
0.671338 0.625625 -0.194544
0.459602 0.656149 -0.126281
0.590219 0.666988 0.0196166
0.54361 0.668403 -0.0192245
0.592678 0.797712 0.0112037
0.545339 0.801586 -0.0452505
0.590579 0.917519 0.140459
0.547435 0.92716 0.0524668
0.582542 0.934541 0.144966
0.54918 0.941763 0.0532613
0.614582 0.958747 0.0281523
0.548773 0.973143 -0.0790616
0.561822 0.428875 -0.19905
0.566702 0.419596 -0.178807
0.569833 0.419173 -0.17864
0.573639 0.41875 -0.17864
0.556969 0.421117 -0.178216
0.553663 0.421667 -0.178215
0.550357 0.422436 -0.178219
0.580126 0.427079 -0.0684495
0.548504 0.431271 -0.0666836
0.570388 0.441598 -0.160408
0.557541 0.443324 -0.159393
0.609914 0.491892 -0.016698
0.525915 0.499702 -0.0227603
0.666833 0.50408 -0.145549
0.473767 0.528052 -0.0286621
0.717256 0.525399 -0.406044
0.417358 0.554375 -0.146335
0.73648 0.534697 -0.448323
0.401196 0.564205 -0.167231
0.731268 0.532302 -0.479322
0.400684 0.559416 -0.20554
0.724699 0.53265 -0.426497
0.407139 0.559229 -0.166493
0.589923 0.676027 0.0193343
0.54336 0.673423 -0.019011
0.592365 0.805455 0.0286504
0.539914 0.796539 -0.0705032
0.591732 0.916483 0.185447
0.54186 0.922134 0.0394393
0.583995 0.931748 0.192688
0.543525 0.93652 0.0412601
0.61449 0.957939 0.0541261
0.545872 0.968955 -0.0881462
0.559881 0.427028 -0.202392
0.564808 0.417665 -0.181125
0.568088 0.41736 -0.180994
0.57124 0.417054 -0.181041
0.555112 0.418917 -0.180623
0.551822 0.419336 -0.180622
0.548531 0.419882 -0.180635
0.577411 0.42513 -0.0731882
0.546071 0.428395 -0.067081
0.568088 0.439411 -0.16057
0.554952 0.440733 -0.161601
0.607268 0.487351 -0.0610356
0.521709 0.494082 -0.0166438
0.661297 0.465191 -0.247498
0.465496 0.49182 -0.0202257
0.703663 0.441623 -0.52617
0.408236 0.474482 -0.141836
0.72019 0.440357 -0.58345
0.393317 0.47412 -0.168782
0.714393 0.436597 -0.601136
0.392722 0.464233 -0.197364
0.708775 0.439283 -0.543472
0.397601 0.465921 -0.160396
0.594052 0.675212 0.00225988
0.544289 0.672977 -0.00197992
0.594683 0.806086 0.0234773
0.542774 0.804781 -0.0176223
0.595268 0.920743 0.176558
0.542768 0.930722 0.104775
0.589128 0.936752 0.180712
0.545839 0.944641 0.10697
0.611535 0.960746 0.0412739
0.545533 0.976494 -0.034579
0.559481 0.427081 -0.155716
0.564645 0.417646 -0.13679
0.567935 0.417341 -0.136706
0.571011 0.417034 -0.136799
0.554885 0.41891 -0.134183
0.551572 0.41932 -0.134096
0.548342 0.4198 -0.134272
0.577069 0.425075 -0.0357174
0.54588 0.427926 -0.0251141
0.567453 0.43941 -0.119759
0.554287 0.440653 -0.116664
0.604982 0.482478 -0.0389359
0.522333 0.487102 0.00715242
0.656047 0.438749 -0.190317
0.467594 0.457455 -0.0421328
0.695449 0.385588 -0.392522
0.418285 0.415229 -0.178846
0.7106 0.375922 -0.452411
0.404428 0.408788 -0.218414
0.704152 0.369802 -0.452417
0.408091 0.397889 -0.23195
0.699312 0.374003 -0.406109
0.41166 0.401334 -0.194668
0.59226 0.664892 -0.000806262
0.543645 0.665092 0.00115823
0.594177 0.79488 0.00432162
0.542251 0.803098 -0.0237533
0.595398 0.920595 0.120411
0.543253 0.926795 0.0734392
0.589905 0.934368 0.124176
0.546878 0.940836 0.0739855
0.611722 0.956995 -0.0111391
0.54525 0.974163 -0.0692091
0.56023 0.426019 -0.181519
0.566066 0.416726 -0.161325
0.56957 0.416373 -0.161665
0.573282 0.416043 -0.161821
0.5555 0.4183 -0.148219
0.551896 0.418956 -0.148158
0.548446 0.419758 -0.149482
0.579459 0.424049 -0.0639919
0.545404 0.427845 -0.0387801
0.567921 0.438338 -0.146591
0.554147 0.43958 -0.130691
0.60377 0.480712 -0.0748973
0.524039 0.482146 -0.0349513
0.65025 0.416076 -0.18067
0.477837 0.42992 -0.0729684
0.68305 0.353252 -0.337696
0.436927 0.378051 -0.185226
0.694248 0.339054 -0.395162
0.425722 0.368027 -0.230663
0.687577 0.333165 -0.401698
0.431427 0.356632 -0.245126
0.683804 0.338744 -0.352174
0.434833 0.360407 -0.201804
0.595649 0.660402 -0.00454451
0.546984 0.66314 0.00494536
0.592991 0.789495 0.0146317
0.549822 0.802446 -0.00611942
0.596616 0.919311 0.135978
0.547835 0.925454 0.0878587
0.591648 0.934142 0.140776
0.550055 0.939346 0.088728
0.610731 0.955661 -0.00694961
0.552854 0.973102 -0.0661444
0.560529 0.425111 -0.224819
0.566613 0.415108 -0.206575
0.570254 0.414929 -0.206418
0.57393 0.414762 -0.206603
0.555995 0.416005 -0.199819
0.552487 0.416319 -0.199819
0.549007 0.416703 -0.199891
0.580429 0.422306 -0.103922
0.546596 0.424193 -0.0772616
0.568083 0.437422 -0.188226
0.554776 0.438088 -0.179437
0.600775 0.477338 -0.114596
0.527323 0.478063 -0.0313328
0.645354 0.411364 -0.267431
0.483572 0.418343 -0.0263669
0.678662 0.344231 -0.446437
0.447941 0.366707 -0.0758113
0.688172 0.32891 -0.503955
0.436749 0.356416 -0.106935
0.681399 0.322632 -0.505937
0.443853 0.34416 -0.120781
0.676943 0.328671 -0.458839
0.446469 0.348226 -0.0886758
0.590526 0.655809 -0.0182668
0.543684 0.656926 0.0185769
0.589985 0.787331 -0.00814545
0.542171 0.793893 0.00647452
0.597112 0.917524 0.0862543
0.543459 0.920303 0.0863821
0.591837 0.936748 0.0858192
0.546769 0.935748 0.0858411
0.611534 0.954841 -0.0653207
0.544321 0.962768 -0.0596244
0.560773 0.426209 -0.22375
0.567169 0.415503 -0.20373
0.570891 0.415648 -0.203697
0.574612 0.41566 -0.203741
0.556267 0.4157 -0.199495
0.55261 0.415571 -0.199495
0.548969 0.415723 -0.19966
0.580667 0.423211 -0.0947625
0.545685 0.423037 -0.0753968
0.567993 0.438829 -0.184124
0.554073 0.438453 -0.17827
0.59988 0.477072 -0.1022
0.52623 0.477642 -0.0339255
0.644928 0.411294 -0.230886
0.483681 0.417783 -0.0518894
0.677908 0.344332 -0.417112
0.447476 0.366431 -0.145367
0.687183 0.329059 -0.475654
0.436647 0.355832 -0.188413
0.680475 0.322996 -0.481109
0.442854 0.344519 -0.203367
0.676107 0.328996 -0.431988
0.445675 0.348733 -0.161923
0.591861 0.65517 -0.0174837
0.545245 0.656857 0.0174483
0.592219 0.786226 0.00398008
0.5427 0.793467 -0.00741989
0.597937 0.915741 0.115035
0.543605 0.922893 0.079734
0.592127 0.934883 0.117966
0.54692 0.938438 0.0791997
0.613278 0.955182 -0.0337253
0.544667 0.96575 -0.0795158
0.56058 0.425568 -0.259324
0.567292 0.414716 -0.238507
0.571094 0.414922 -0.238537
0.574887 0.414911 -0.238508
0.556429 0.41514 -0.234117
0.552641 0.414941 -0.234117
0.548873 0.41518 -0.234335
0.581537 0.42286 -0.120825
0.546457 0.422642 -0.103973
0.568825 0.438345 -0.217605
0.554462 0.438242 -0.212173
0.602394 0.478362 -0.108684
0.526321 0.476261 -0.0466603
0.644197 0.413567 -0.240442
0.477932 0.422757 -0.0367152
0.680775 0.350907 -0.421262
0.438639 0.371098 -0.104139
0.692745 0.339893 -0.473733
0.425376 0.360848 -0.139045
0.68581 0.332992 -0.482528
0.432491 0.348574 -0.152575
0.681123 0.336842 -0.435766
0.43551 0.352665 -0.118037
0.593339 0.65905 -0.00981124
0.545503 0.659598 0.0100905
0.593665 0.788799 0.0245843
0.545919 0.796863 -0.00285612
0.599583 0.914954 0.164842
0.544496 0.924482 0.107791
0.594129 0.933723 0.16892
0.546188 0.939355 0.109432
0.615067 0.958173 0.0103288
0.548054 0.969948 -0.0582817
0.56092 0.428851 -0.204017
0.566178 0.417559 -0.184327
0.56938 0.417443 -0.184228
0.57321 0.41704 -0.184224
0.556028 0.418421 -0.182756
0.552343 0.418313 -0.182756
0.54882 0.418558 -0.182848
0.579301 0.424348 -0.075365
0.546036 0.425959 -0.0734986
0.569435 0.44106 -0.165638
0.555467 0.441814 -0.164556
0.605089 0.480919 -0.0530233
0.526013 0.479927 -0.0230023
0.648365 0.433122 -0.199223
0.471166 0.44606 -0.0493962
0.693286 0.391316 -0.405051
0.424338 0.420206 -0.145648
0.711731 0.385098 -0.454358
0.4089 0.416953 -0.187775
0.703539 0.378973 -0.465562
0.415185 0.409799 -0.200046
0.697019 0.38272 -0.420309
0.419434 0.41338 -0.160561
0.593572 0.665013 -0.00307555
0.544594 0.664422 0.00344668
0.593549 0.795959 0.0200508
0.543845 0.798506 -0.0127496
0.597267 0.92168 0.149741
0.543597 0.924899 0.0977495
0.589992 0.939818 0.153945
0.546368 0.938405 0.0987247
0.618406 0.963663 0.0115577
0.546598 0.973376 -0.0542648
0.559994 0.429343 -0.191423
0.564344 0.417868 -0.174058
0.5674 0.417511 -0.173961
0.570962 0.417041 -0.17396
0.554997 0.419283 -0.174979
0.551576 0.419573 -0.174979
0.548323 0.420012 -0.175074
0.576831 0.424216 -0.0680462
0.546017 0.42728 -0.0733315
0.568583 0.441157 -0.153505
0.55547 0.44251 -0.154848
0.605282 0.481125 -0.0348491
0.525286 0.484979 -0.0325204
0.661619 0.460792 -0.206434
0.466294 0.487757 -0.0577084
0.701887 0.45334 -0.46775
0.408955 0.488896 -0.165127
0.718819 0.455731 -0.518239
0.390621 0.491846 -0.194022
0.710964 0.45359 -0.537947
0.393181 0.48454 -0.215097
0.705605 0.455053 -0.485604
0.398606 0.486462 -0.180626
0.591608 0.667852 0.0170874
0.544195 0.665634 -0.0168185
0.594341 0.79636 0.0187217
0.540099 0.797397 -0.0708918
0.594365 0.918432 0.136686
0.541258 0.925851 0.0236296
0.585928 0.936088 0.141104
0.543489 0.939974 0.0233204
0.619021 0.958606 0.0155206
0.546145 0.974093 -0.116603
